2024/01/02-04:00:00.000
Satellite_1
-36187.552623413175752
-8787.043695673250113
20156.432193296084733
1.539324667064175
-1.721971853214614
2.009692315141682
Satellite_2
6359.933625009241950
-41629.798068290154333
-432.959996681328391
3.040973937230938
0.465147319533590
-0.079358392036668
Satellite_3
-22789.875678709133354
-18402.404615539649967
-30282.657967429029668
1.238343788073724
-2.725870661163394
0.708767528820384
Satellite_4
-31345.399191058520955
-25097.157901693586609
12413.524272541702885
0.358523032261232
-1.703113173959626
-2.546311202427721
Satellite_5
-30998.577360917985061
-14618.095347584405317
25439.097693496463762
2.066572682127909
-1.453706081281548
1.685492245359482
Satellite_6
-19683.532554891935433
-24201.146341581774323
-28254.087716586218448
1.476016304357689
-2.487520728676800
1.058446320179315
Satellite_7
-15042.716618719188773
-39367.006701078760670
166.400640827290658
2.873543740637359
-1.094562282425719
-0.080061881153873
Satellite_8
-18218.991940828233055
17428.999031703489891
12012.928147047226958
-2.522574269540422
-0.788006571027423
-2.697492900068913
Satellite_9
-25951.749766885135614
7491.136870999522216
-6978.327026844541251
0.147989170107222
-2.295543305995022
-3.000166226126325
Satellite_10
-9638.199142851999568
22808.913547250504052
12818.374262166058543
-1.675063297808675
-2.168147367915575
2.607896483151389
Satellite_11
-27545.651223328994092
-31963.130434563609015
920.689880541714615
2.325255999536716
-2.004712971947495
-0.103569058398618
Satellite_12
-19318.616613314075948
-18599.855898763489677
-32546.504799763104529
1.930478461330325
-2.383936392345768
0.202446731295610
Satellite_13
16726.570230854100373
7559.529782038078338
21042.183593663976353
-2.660743997868835
2.362623871192347
1.266608124815530
Satellite_14
-25220.021750193340267
4563.474027697793645
-11070.000953719032623
0.746686592084488
-2.499731943416055
-2.732120002241186
Satellite_15
-21242.984418404517783
-26460.038804167910712
-25264.114270550628135
1.190391586078836
-2.398515378505670
1.490370582212340
Satellite_16
-28965.440128579928569
-30421.201837476070068
469.467484370866146
1.136581920358731
-1.108172089794490
-2.646194354828824
Satellite_17
-38920.490880358112918
-16338.964604934426461
374.200343630332100
1.188058688969566
-2.832320354025938
-0.020432004829275
Satellite_18
3861.797199692709910
-27366.053627947818313
-3975.970722373660465
2.046754185091274
0.740965444418978
-3.087102398878829
Satellite_19
13086.397959793775954
-16454.576918786013266
-18358.327583619578945
1.151381902457859
3.051173679506888
-1.908635191870250
Satellite_20
23887.442913918857812
-809.675790787317737
14371.851418832005947
-1.363522318503064
2.576849453892217
2.408649404369474
Satellite_21
11513.433799086611543
11822.551413861756373
22505.166233670730435
-3.146096304071033
2.020771185834596
0.548008183144406
Satellite_22
-8026.082404468759705
-23123.724952858883626
13438.705438254521141
1.814993272789287
-2.113940790374545
-2.550124879969844
Satellite_23
-15143.110690744895692
-5472.787356541381996
22814.151415283391543
0.527408844462239
-3.701377472929382
-0.534954439715267
Satellite_24
9558.413906347575903
-19453.715196374956577
-17583.318183565577783
3.216002836270601
-0.202702360131379
1.973680697754623
Satellite_25
24621.727964997047820
-13087.043393947011282
741.355381264556854
0.946890128948331
1.959164395422853
3.092334223707807
Satellite_26
-36997.447922622566693
-7523.533900503551195
19411.912039550021291
1.431394026713249
-1.713874268794032
2.082654763712374
Satellite_27
16166.700141704233829
19839.847231830506644
-11124.635991750057656
-2.607326090654350
0.630998814675189
-2.662353150991971
Satellite_28
-19165.955032017885969
4770.610153208794145
-19719.098702190265612
-2.201967760794636
-2.683158511733919
1.493975581782911
Satellite_29
-25235.041982666276454
-10456.197252261721587
-5643.474609787393092
0.301685917302417
-2.323724122732845
2.967800265326604
Satellite_30
-2702.960478981048254
16954.151824948537978
-22013.268126157276129
-3.412129175091525
-1.460668615002566
-0.704495915545827
Satellite_31
15168.533957921255933
5425.057198030919608
-22765.550617293381947
-0.506343291808904
3.707292791945078
0.547874734153118
Satellite_32
-3803.781843504385051
27317.896927659956418
4149.881174495111736
-2.054056556140429
-0.753419516639727
3.084182470304603
Satellite_33
-12023.333400989726215
-11442.227678692741392
-22453.572698605392361
3.064584665493722
-2.138802418776115
-0.547959836499448
Satellite_34
-23345.443123880573694
15074.920712438110058
2664.845290770756492
-1.435239629237213
-1.677058051504178
-3.066060310288501
Satellite_35
-42125.420271353817952
407.674908014980929
1361.346598377732107
-0.030049298342064
-3.074999532144624
0.025833417085961
Satellite_36
2095.116766526580705
-17331.968323900924588
21791.285284024383145
3.391459876491998
1.444175560965956
0.824063767377815
Satellite_37
25089.207833571010269
10515.755960180140391
6286.516475700571391
-0.252101811279980
2.357740466048636
-2.940563800535730
Satellite_38
-32487.295249756793055
-24561.882186887141870
10678.068140284865876
0.517319181635538
-1.752694999820785
-2.477527860102112
Satellite_39
-42132.583975155037479
1651.024625862869470
376.868833096134608
-0.119357410965806
-3.071631029516551
-0.003153476049541
Satellite_40
-38517.546153335395502
-2976.424784045385422
17209.335110628719121
1.119309928249078
-1.837474125038369
2.183160492649843
Satellite_41
18911.927936032465368
-4876.678910299183372
19942.519811958460195
2.234083255076011
2.674050275367418
-1.460962841317128
Satellite_42
-15807.143017705595412
-19899.372958762291091
11503.246878231260780
2.638919611972893
-0.566583395136886
2.647604653236141
Satellite_43
-20107.611639929553348
-12765.740780785230527
-34818.128245184314437
1.239562573035954
-2.795997991830123
0.294692778411050
Satellite_44
-23825.096671808343672
1459.116468561188867
-14500.140981069980626
1.284412932575337
-2.639383239396936
-2.375815459432527
Satellite_45
-13013.685737658715880
19510.962931559366552
15128.249938556498819
-2.990686749528914
-0.207340675276311
-2.300882473638604
Satellite_46
7674.797956577023797
23573.910769994276052
-12731.548062246974951
-1.849091384079189
2.018437025386684
2.613037072824873
Satellite_47
-13642.143975041759404
14922.604934998897079
19262.933670092963439
-1.045549170599352
-3.186920881182563
1.735935474013082
Satellite_48
-25431.495632849339017
-33644.478138696067617
-151.401312214565706
2.451239136489448
-1.851566623749801
-0.112406345914641
Satellite_49
-39370.390831349221116
-15139.206542636755330
278.616565247227527
1.103030301396461
-2.868828538864706
-0.016232127498214
Satellite_50
-9433.773537928675069
-41052.976747184176929
-1167.976496910225023
2.995049317687230
-0.691573590435276
0.094987789271126
Satellite_51
-15835.716353023837655
5276.222572056955869
22368.950511375427595
-0.304276863941855
-3.708087653033396
0.660457681999637
Satellite_52
9597.915925253499154
-23102.042803113276022
-12362.577714300361549
1.731647304106873
2.116935186798421
-2.608767545349945
Satellite_53
18921.425875918230304
-17708.101228691401047
-10335.544569469157068
2.394599091587326
0.942168840250541
2.769200850924046
Satellite_54
-728.061159787093857
17397.419261739552894
21800.377672631762834
-3.506221336918184
1.045407046412230
-0.949725209552313
