2025/05/13-00:00:00.000
Satellite_1
29117.316790279281122
-27546.152578633125813
13572.281548997558275
0.909624679966032
2.012414842723380
2.122970301356377
Satellite_2
-16094.350373540904911
21921.520389571120177
6259.830282990514206
-2.193479604489507
-0.761642230161214
-2.982066996460071
Satellite_3
17898.889323975905427
-21093.351757068205188
-3594.752347104587898
1.919648569000338
1.109159659107782
3.062304887985228
Satellite_4
21953.292752342596941
-21835.710264154629840
28814.141927025859331
1.204933606351040
2.617865917280637
1.043594241304068
Satellite_5
20436.806139149124647
-9440.467665466228937
-35489.327391468010319
2.033419789699458
2.251514387302850
0.556436993950749
Satellite_6
39862.862467257895332
-13629.035816253828671
-1316.637707165797110
0.992477637784441
2.911290107220804
0.002658397782343
Satellite_7
16373.425027679759296
6510.180006696407872
-21608.871533895184257
0.103117797237633
3.597357437675780
1.164455306874367
Satellite_8
12719.595512448746376
22514.720557193420973
-10426.158640729488980
-1.401950718512986
2.096452934866266
2.819272143958334
Satellite_9
-9540.227163647938141
22513.850258978836791
13428.525808917696850
-2.836142051298182
0.282737511168548
-2.483960059363887
Satellite_10
-20393.155061237121117
19036.485357241672318
-692.743024983728674
-1.440194485656863
-1.654957666492000
-3.077579236219007
Satellite_11
10951.143468195428795
-14411.724587145599799
-21258.461684487909224
1.653978948103365
3.146377361972195
-1.277947561178817
Satellite_12
-807.269093431250667
-26595.354459030393627
-8472.764416013678783
2.218254728659461
0.868726240876187
-2.930968666941749
Satellite_13
20648.746952676207002
-2362.238743458345652
18613.810690018777677
-1.230206303205631
3.111812393497639
1.758558664143699
Satellite_14
7932.087609666855315
14779.253254199060393
22290.620323049559374
-2.861373998751880
2.403493507595123
-0.573249270788105
Satellite_15
40370.418006726424210
-11334.173010226852057
1887.769539346780448
0.564776795213865
1.676075640470963
-2.532143018788457
Satellite_16
-20579.690070850105258
7339.876937220581567
-17348.841623016505764
-2.418253890560259
-2.144486814068057
1.960538334214439
Satellite_17
-17449.263272222968226
-15957.385237268548735
14793.632993939902008
2.834341695219798
-0.954445484702345
2.313836205950706
Satellite_18
1275.942155218184098
-16434.108096391551953
22497.203915095273260
3.702091545068506
0.706462290719402
0.308827704843058
Satellite_19
-27312.007214555840619
-5221.637866211840446
-2240.984335076544085
0.176738877773885
-2.226974720048248
3.050166009659215
Satellite_20
913.967387608612512
26517.460914631032210
8608.533562925897058
-2.229885858489669
-0.871127116310475
2.926535989403941
Satellite_21
-16466.404824439880031
-6550.236357454356039
21564.723940328331082
-0.116571224248053
-3.588836081287476
-1.176252036151189
Satellite_22
20121.691866732351627
-19229.062340641507035
1747.474415375454100
1.386166197720666
1.731948370994935
3.063126353313117
Satellite_23
-9048.930463665141360
-13881.708871895838456
-22470.577717778694932
2.802579597901416
-2.498187547140635
0.416551840358698
Satellite_24
41394.838824235230277
7709.025553203166965
-2302.908127259529465
-0.563978964082407
3.022209727360193
0.007051478138780
Satellite_25
27215.238873140573560
5734.288746607561734
2390.456325305572591
-0.204154111002960
2.226237857344882
-3.045876478999299
Satellite_26
-2492.623619547460748
16219.550646863299335
-22561.036385113657161
-3.675545055116565
-0.859138118598447
-0.209113720215290
Satellite_27
30598.450766900296003
3292.254337517226759
-28820.919510989646369
1.216005807440940
2.359698893383703
1.551803863208201
Satellite_28
40650.548307979312085
11085.297592127219104
-1098.320284428075865
-0.807064123797674
2.967652606054338
0.045538151705245
Satellite_29
40607.971869285982393
-9626.565294273292238
-4920.851294356285507
0.117574647023505
1.793841053694315
-2.507051426087429
Satellite_30
18219.934235960805381
15713.443912813170755
-14175.488418979781272
-2.738151232355789
1.009496723907741
-2.397452183969831
Satellite_31
21094.088995731504838
-6702.700255073732478
17010.065592899660260
2.330387615333644
2.171265979638502
-2.032194209928609
Satellite_32
25617.234837099749711
-12717.537689789478463
31101.607283582437958
0.041001693054714
2.857147810708448
1.118009661102291
Satellite_33
8594.798039381981653
-22965.302648736913397
-13319.916043873379749
2.828558804016557
-0.375327164133896
2.478564263603627
Satellite_34
-20736.716725014055555
2343.176891206152050
-18553.062561839789851
1.216586501184947
-3.116405150416148
-1.753225420891743
Satellite_35
-11521.966128508594920
13301.916713596559930
21700.055109022021497
-1.598812584026247
-3.225927401154410
1.134259781595670
Satellite_36
-11919.073100863479340
-23771.540870083477785
8581.494778111806227
1.543017862909744
-1.825120523225933
-2.921455677440537
Satellite_37
27464.235895976617030
-31923.462130496485770
-2128.981872569828283
2.330251068405396
2.005809040960827
-0.001881472372238
Satellite_38
39870.158808713822509
-13642.933417896600076
-1160.928854941216514
0.995468770489552
2.909685694233208
0.009181410053471
Satellite_39
36268.164225903499755
21477.230431415289786
878.267605208610917
-1.568282450158535
2.645072560938925
-0.007619996954366
Satellite_40
-6584.463466337024329
-27121.128813626932242
-586.993468241319306
2.093315468182513
-0.440636085909402
-3.114350534674741
Satellite_41
15653.208334060063862
16631.160309834300278
-16023.181999053920663
-0.827120823823914
2.933281713688801
2.236639340485131
Satellite_42
16399.687916410548496
5649.565561243502088
21861.175980279451323
-2.175575830135170
2.966299324969568
0.866307821359364
Satellite_43
-22961.532132803611603
11542.197187609375760
-10898.980604727574246
-0.039589188041001
-2.634277152521056
-2.708169518161072
