2024/01/02-04:00:00.000
Satellite_1
-2679.283961789648401
-16311.154938920151835
-24554.864367484133254
3.641321485546800
0.075924250122319
-0.447618160973556
Satellite_2
4954.527725654598726
-25019.986003789879760
15020.473436692122050
2.681281384241839
-0.877839065376402
-2.346618702390349
Satellite_3
-26360.989398046604038
5347.484128976324428
12342.425735955890559
-1.641263356642970
-1.889886855764987
-2.684439213561404
Satellite_4
-17319.412562140820228
-21962.150928565923095
-9711.735294562118725
1.137494825008506
-2.121300352320772
2.768755114579745
Satellite_5
-29375.493644182235585
-617.802133018926838
3664.682651637670915
-0.339129429400414
-2.010989706591027
-3.049437073700201
Satellite_6
2048.469818072613180
-26781.341786324432178
-17925.298131283070688
2.593241737995787
-1.041037981188957
1.622255447345086
Satellite_7
-21461.845627049122413
7070.889449246651566
19123.382737312345853
0.629252189557895
-3.102542072870208
1.855298528289233
Satellite_8
-1894.846592900764108
24176.869909364675550
-16958.095035508766159
-2.418876478588795
-1.709412542340328
-2.168080560338453
Satellite_9
5545.872346151732927
27645.425225234252139
-8997.760090934338223
-2.327979152958149
-0.445733350446051
-2.802025437530295
Satellite_10
4789.345124344211399
16467.175383953039272
16779.060317314739223
-3.469265798154428
2.131340797024496
-1.549484475541675
Satellite_11
-21730.571207007691555
-12375.509467253639741
-15835.946767348914364
2.472268829201940
-1.287862698231460
-2.386602356441699
Satellite_12
21119.546858326724760
-6044.666041158322514
-19846.321623226100201
-0.753686413165420
3.133165348840873
-1.754120945652308
Satellite_13
11116.935767158676754
13252.645803680208701
-24016.873059291254322
-2.361824921501585
2.774241832676542
0.439430974153368
Satellite_14
-18772.399098679863528
-3592.958094530501057
-22591.489218313698075
-0.687935617929981
-3.428485826286622
1.115947389653617
Satellite_15
-5494.703330204194572
25156.830141020273004
-14580.343699223139993
-2.648466963763765
0.816699283665355
2.406888920350638
Satellite_16
29437.827489737952419
1125.780273617064950
-2841.668772615634225
0.220026411018887
1.998605984497538
3.070451890292521
Satellite_17
-12199.560929731227588
-26976.590980008855695
-284.947515327373594
1.891466559298614
-0.886746005176938
3.015894151145550
Satellite_18
-19204.284698781331826
22152.898987883811060
3987.814407213466438
-1.322669301219247
-1.682531062769169
2.982860549686103
Satellite_19
9274.998547771752783
-17117.307559631561162
22299.934216795503744
2.137423233563848
2.728010534329576
1.205351016858741
Satellite_20
-18803.997697450857231
11050.544961367371798
20003.897102309179900
-2.817982200404435
-1.474443186982775
-1.831839842951173
Satellite_21
17001.273387999484839
22371.952869276967249
9320.804184027725569
-1.193064113224656
2.068025450276498
-2.786154174195914
Satellite_22
19212.472229058821540
-10789.533757829105525
-19761.508713391143829
2.774197686642506
1.490925697858811
1.883803536501839
Satellite_23
1861.164718712858075
16120.151961860519805
24752.440772623849625
-3.649516682542775
-0.133524758323186
0.362084894493636
Satellite_24
-9364.694489485415033
-14995.195513835038582
23752.826489592196594
2.472747830407460
-2.622838959793508
-0.680404913042818
Satellite_25
19202.693942249821703
-22206.216056091230712
-3862.252767806071006
1.344637326178237
1.680898851746251
-2.970537782257380
Satellite_26
-9629.859412203202737
16785.964874728342693
-22415.341319370432757
-2.112469344452201
-2.764265216686308
-1.161925411020078
Satellite_27
-5767.666620820097705
-27692.825367916258983
8733.350563027495809
2.318989636182885
0.404416362749683
2.814506150660792
Satellite_28
-21893.773400656387821
16007.243467655671338
11843.841090706608156
-0.444404303193483
-2.540937835499866
2.611072294965230
Satellite_29
-9567.285036266393945
14629.198043611120738
23884.486243475043011
-3.458887932045208
-0.896929202281047
-0.836357473275180
Satellite_30
22101.455018278535135
12151.751169607949123
15489.083242781918671
-2.422814156441711
1.319277009735525
2.420240894024563
Satellite_31
18882.019904296972527
4022.295869772436617
22433.292022937184811
0.641685613394842
3.424489152794070
-1.153285072432857
