2024/01/02-04:00:00.000
Satellite_1
24808.317107269205735
-5878.741165181379074
927.796983584996156
0.242257374131131
1.595707775710262
3.607954724483732
Satellite_2
13640.997376674156840
-11727.726926234568964
-18065.086764979198051
3.221326427452257
0.235182912022396
2.282622488077171
Satellite_3
-2501.664692572098829
12206.282527729041249
-22265.597543871852395
-3.134744412257180
-2.241016168397627
-0.876354167132943
Satellite_4
-12180.772163218671267
-18807.521221941166004
12114.210574027329130
2.530870216452817
0.307281700720753
3.028328967362130
Satellite_5
-11331.171508879033354
15034.677551094775481
17200.661023217893671
-0.523693143561982
-3.114470523396220
2.379175305524620
Satellite_6
5675.821956942491852
-24815.452006554976833
-1556.992729620617638
1.605640499976034
0.589306269427260
-3.564734603250773
Satellite_7
-24044.865609160908207
8020.179814533353237
2845.424939301371523
-0.897881150180243
-1.415658137700985
-3.580369144640028
Satellite_8
1817.123590300237993
21266.393326562323637
-13961.372155984554411
-1.834995692413026
2.036460177812527
2.848949012320552
Satellite_9
-2471.166254994872816
-20486.185063352215366
15006.948812764199829
1.818545404867252
-2.208573279627852
-2.726414092645358
Satellite_10
-9566.118316881631472
-6135.655386195085157
22892.885087185517477
1.123357660543195
-3.743310627635403
-0.537476572073267
Satellite_11
-6631.980993162194864
24618.926360025761824
1525.372338771598379
-1.554358946673662
-0.633984097845501
3.573188585199447
Satellite_12
20536.892429987387004
1186.753459740956487
15060.906375609507450
-2.120950370059369
1.894790421331807
2.748359777875976
Satellite_13
-6614.087663149934087
-8897.346011867739435
-22975.714951195710455
3.682951693020885
-1.324720868541962
-0.550058989481955
Satellite_14
-98.887140544898386
-14151.814178100983554
21264.166360046881891
3.191262027004206
1.930265659629791
1.293219803926693
Satellite_15
6346.952601170896742
9056.116575873247712
22991.311465065256925
-3.688555839020931
1.331919155083293
0.489660207330975
Satellite_16
14103.720018212710784
18996.764064887101995
-9489.928361418813438
-2.275889056225599
0.071715622109709
-3.234460776230638
Satellite_17
11962.867066118667935
-11515.410796168254819
-19346.450185252389929
0.106861163522592
3.425860953966562
-1.973224078142757
Satellite_18
20225.763514619447960
13379.072698638841757
7926.508620744697510
-0.091130169710125
2.110503286930551
-3.340459101263446
Satellite_19
-14397.525999390158177
545.715764941724160
-21015.507302816818992
-2.204136798261230
-2.957979998633711
1.432368654458298
Satellite_20
9250.530552705007722
6573.516944294821769
-22816.414634570821363
-1.174973860485077
3.730788816970511
0.597166529556975
Satellite_21
-12499.228876522989594
12653.534757484403599
18286.130113925264595
-3.292663613333652
-0.099513831318423
-2.184668894923508
Satellite_22
-20048.360625959965546
-15034.416573217082259
-4799.200095738036907
0.503378230251472
-1.788597450652696
3.488093265973829
Satellite_23
-21250.494630497407343
-1413.514608011179689
-14023.963773108353053
2.001988864237958
-1.891436497381594
-2.837401298670442
Satellite_24
24637.796574485357269
-6661.638430199202958
-895.099750950994917
0.560032262732236
1.596633943594004
3.567598972376769
Satellite_25
14618.077124027640821
-132.906785478215511
20908.806176365607826
2.175484738101483
2.935616193395681
-1.506463035872037
Satellite_26
-9222.260679068294849
-7264.787370029082922
22668.603768479133578
1.170943090830059
-3.704951820868990
-0.708797252399324
Satellite_27
7185.573473844990076
-24253.395457459482714
-3203.905790803239142
1.503200800402050
0.913905166431438
-3.541950647732205
