2024/01/02-04:00:00.000
Satellite_1
1073.229867894896870
18182.747996052468807
-19411.926781388679956
-3.086100476078848
1.760017451525878
1.522730445304730
Satellite_2
906.128413830777390
21278.500453602500784
16021.050075761942935
-2.858906520750028
-1.484092830477483
2.128394586500859
Satellite_3
-1926.008823977144857
22698.168290379620885
-13388.644569006522943
-2.454950264308065
-1.729430243457834
-2.479083245417344
Satellite_4
-4118.764896389437126
-25066.376843817506597
6525.802417426504690
2.423203763932877
0.421497034282309
3.056157284890213
Satellite_5
-10746.304951697529759
22007.834556727215386
9542.848412342038500
-2.635025870079603
-0.024558034105375
-2.894539838674008
Satellite_6
-18199.413162584969541
-10947.451384495798266
-15627.119477192034537
2.863597695623394
-1.477146145457466
-2.200961678331171
Satellite_7
-18409.448485715562128
18775.784344076640991
-3633.806263126241902
-1.238960209695091
-1.897698733914620
-3.144732985329153
Satellite_8
489.961332081438570
-15309.284952272426381
21498.043624029844068
3.880773366378542
0.318737459350563
0.175055049731092
Satellite_9
16264.995486469679236
15548.110869192638347
13889.533794572002080
-0.699160775994697
2.956292147039404
-2.431604557432795
Satellite_10
16536.938902632249665
1935.681953830739531
-21209.240927333521540
-1.257159455487884
3.544053632978826
-0.645131676373754
Satellite_11
20510.930500787031633
-10379.063889300759911
13342.606637173290437
-0.186187574395630
2.921107962168419
2.533513943622672
Satellite_12
-26220.343681366419332
1244.177058295283587
-5135.501033136571095
-0.766441673099882
-2.247532554810548
3.026487900939855
Satellite_13
17411.390130641688302
16429.469473836928955
-11557.847291380872775
-0.722759863905723
2.649854364526766
2.727120594164854
Satellite_14
15693.507575039304356
-2160.238809268652858
21028.188540392107825
1.302223199432226
3.642211541809154
-0.556931783908566
Satellite_15
23628.703784339399135
7685.053065395547492
-10431.247673732526891
-1.817217959220862
2.000459420895238
-2.696699210231812
Satellite_16
412.361612274903848
-20697.019612113628682
-16620.277873608862137
2.870956312825028
-1.554395215049643
2.088852252937771
Satellite_17
-16703.546783926511125
11259.058677662067566
-17335.153591339629202
-3.014023586607051
-1.628073700699329
1.804030213736748
Satellite_18
-259.717096698451314
14619.185433708573328
22248.540601205982966
-3.849061819822233
-0.303937333548226
0.165689441467840
Satellite_19
-19310.176623415834911
8540.520753201290063
16044.163619165548880
0.362287127760843
-3.220680359116759
2.133214236356610
Satellite_20
-14907.493585680409524
-20742.006872819907585
7416.091587007965245
1.281041834379614
-2.034030025488309
-3.031101117708507
Satellite_21
-9707.281582857649482
-24083.765912074515654
4282.617095096547018
2.391619647630450
-0.410426716954095
3.065392955110213
Satellite_22
-16713.819360090146802
-1497.763103079196981
-20765.370770782807085
1.501372919692981
-3.428244403747425
-0.918705466898629
Satellite_23
4184.754684794028435
-19012.857595372552169
-17693.631557335091202
2.482085498446705
2.325953916006575
-1.930009271169086
Satellite_24
10925.825338951510275
-23307.138382514727709
6176.923870658793930
2.368446542571931
0.330832134968906
-3.064201946755019
Satellite_25
-18724.606447834536084
3336.368477545490805
18605.590388858185179
1.078891127987108
-3.319459997089522
1.664818560866841
Satellite_26
24839.369807331560878
-3398.932518601618085
-9145.038113768816402
1.369633346891082
2.132984301414366
2.905243488352356
Satellite_27
13567.362846113075648
-5936.364502397146680
-22037.156138882281084
1.678345811337946
3.492198312165856
0.067718619048060
Satellite_28
-10375.393195862627181
13345.339924469040852
-20408.195818782605784
-2.105569996633965
-3.109110724088211
-0.987642799877550
Satellite_29
5834.591370057601125
15381.134915816839566
20895.330357746170193
-3.748162756149453
0.121103361553012
0.951420970274936
Satellite_30
5954.675649891677494
-14617.466572358840494
21363.373841342257947
3.770694665379378
0.645679670718710
-0.607983694652163
Satellite_31
-23373.227414701392263
-9844.545924469492093
-7932.595667546658660
1.754409948941829
-1.780104537477437
-2.957491752902155
