2 Jan 2024 04:00:00.000
Satellite_1
-24252.591747862119519
-34493.748411446395039
2547.993155587999809
2.500251949786045
-1.774069778416321
-0.144886321797071
Satellite_2
1579.652643995083281
-42030.766674119353411
1093.061235900064730
3.074768387080787
0.112469868147255
-0.157425716771610
Satellite_3
-12433.789921460000187
-40361.244811268355988
-1051.535740198333315
2.529344869103793
-0.818631210062684
1.532223718740937
Satellite_4
-42102.354712805514282
1191.780690813508500
1968.356793957246282
-0.084609303329344
-3.072238354889278
0.089304794999688
Satellite_5
-34363.869527814138564
-17611.911236201944121
16795.407136177396751
0.910556629238987
-2.753732403961405
-1.033415472056479
Satellite_6
-35262.843797042369260
-17251.065396950234572
-15586.520915056140439
0.973731915772588
-2.780693398734794
0.861503195593398
Satellite_7
-11078.186125388643632
-40583.595611613505753
917.984175348111194
2.457444162798962
-0.710646981688261
-1.716610359541686
Satellite_8
-11202.295970153514645
-40222.344043994737149
5192.760167181249926
2.591895515815282
-0.902252028322000
-1.400085468885383
