2 Jan 2024 04:00:00.000
Satellite_1
-42153.589133651599695
-1094.405450736324838
498.251793588959686
0.079438917372230
-3.073078246501222
0.036016571494208
Satellite_2
-39738.633506948128343
-4655.092818533552418
-7118.149829518280058
0.843869898502268
-2.371438526860437
-1.955280909467050
Satellite_3
-30018.945032580857514
-1907.415608972616383
-24637.698082466093183
-0.279873088326866
-3.280537974836943
0.455220266789918
Satellite_4
37279.108253891005006
-2356.034266888093043
-27038.251965262672456
-0.581488268179482
2.689279207125899
-1.034935048368368
