2024/01/02-04:00:00.000
Satellite_1
6993
0
0
0
7.5536
0.000131835
Satellite_2
4.28612e-13
6999.99
0.122173
-7.54606
0.00754606
1.31704e-07
Satellite_3
-7007
8.58082e-13
1.49764e-17
-9.24095e-16
-7.53851
-0.000131572
Satellite_4
-1.28584e-12
-6999.99
-0.122173
7.54606
0.00754606
1.31704e-07
Satellite_5
-6056.93
3496.97
0.0610336
-3.77956
-6.53885
0.00011419
Satellite_6
-3501.75
-6065.2
0.105858
6.52854
-3.7768
-6.57201e-05
Satellite_7
6067.43
-3503.03
-0.0611394
3.76649
6.5313
-0.000113927
Satellite_8
3498.25
6059.14
-0.105752
-6.54161
3.76926
6.59835e-05
Satellite_9
3498.25
-6059.14
0.105752
6.54161
3.76926
6.59835e-05
Satellite_10
6067.43
3503.03
0.0611394
-3.76649
6.5313
-0.000113927
Satellite_11
-3501.75
6065.2
-0.105858
-6.52854
-3.7768
-6.57201e-05
Satellite_12
-6056.93
-3496.97
-0.0610336
3.77956
-6.53885
0.00011419
