2025-05-13 00:00:00.000	      3027720.990289	     30765303.035929	     28867440.397676	         -543.632280	         -949.403484	         1046.654066	
2025-05-13 00:01:00.000	      2994854.515650	     30708485.004343	     28929965.730850	         -551.909774	         -944.518650	         1037.519981	
2025-05-13 00:01:60.000	      2961492.673753	     30651962.208330	     28991942.410036	         -560.144369	         -939.562365	         1028.365629	
2025-05-13 00:02:60.000	      2927638.061427	     30595738.923209	     29053369.224271	         -568.335443	         -934.535007	         1019.191178	
2025-05-13 00:04:00.000	      2893293.304366	     30539819.402345	     29114244.972773	         -576.482376	         -929.436958	         1009.996800	
2025-05-13 00:04:60.000	      2858461.070992	     30484207.875473	     29174568.464956	         -584.584550	         -924.268605	         1000.782663	
2025-05-13 00:05:60.000	      2823144.065218	     30428908.549049	     29234338.520463	         -592.641353	         -919.030341	          991.548940	
2025-05-13 00:07:00.000	      2787345.027660	     30373925.605793	     29293553.969184	         -600.652173	         -913.722565	          982.295800	
2025-05-13 00:08:00.000	      2751066.736815	     30319263.204246	     29352213.651285	         -608.616406	         -908.345681	          973.023415	
2025-05-13 00:08:60.000	      2714312.001901	     30264925.479083	     29410316.417228	         -616.533448	         -902.900096	          963.731957	
2025-05-13 00:10:00.000	      2677083.677933	     30210916.539412	     29467861.127801	         -624.402700	         -897.386225	          954.421598	
2025-05-13 00:11:00.000	      2639384.646067	     30157240.470212	     29524846.654134	         -632.223565	         -891.804487	          945.092511	
2025-05-13 00:11:60.000	      2601217.827263	     30103901.330772	     29581271.877727	         -639.995452	         -886.155307	          935.744870	
2025-05-13 00:13:00.000	      2562586.182037	     30050903.154404	     29637135.690476	         -647.717772	         -880.439115	          926.378846	
2025-05-13 00:14:00.000	      2523492.697817	     29998249.949203	     29692436.994691	         -655.389940	         -874.656345	          916.994615	
2025-05-13 00:14:60.000	      2483940.402522	     29945945.696550	     29747174.703120	         -663.011376	         -868.807437	          907.592350	
2025-05-13 00:15:60.000	      2443932.357433	     29893994.351400	     29801347.738977	         -670.581503	         -862.892835	          898.172225	
2025-05-13 00:17:00.000	      2403471.658343	     29842399.841863	     29854955.035958	         -678.099747	         -856.912991	          888.734417	
2025-05-13 00:17:60.000	      2362561.435322	     29791166.068904	     29907995.538268	         -685.565538	         -850.868359	          879.279099	
2025-05-13 00:18:60.000	      2321204.852476	     29740296.906043	     29960468.200641	         -692.978312	         -844.759398	          869.806449	
2025-05-13 00:20:00.000	      2279405.109085	     29689796.198954	     30012371.988365	         -700.337507	         -838.586573	          860.316641	
2025-05-13 00:20:60.000	      2237165.432535	     29639667.765693	     30063705.877300	         -707.642566	         -832.350355	          850.809853	
2025-05-13 00:21:60.000	      2194489.091702	     29589915.395364	     30114468.853904	         -714.892935	         -826.051218	          841.286260	
2025-05-13 00:23:00.000	      2151379.384440	     29540542.848769	     30164659.915252	         -722.088066	         -819.689641	          831.746041	
2025-05-13 00:24:00.000	      2107839.638722	     29491553.858000	     30214278.069059	         -729.227413	         -813.266108	          822.189372	
2025-05-13 00:24:60.000	      2063873.219156	     29442952.125657	     30263322.333699	         -736.310436	         -806.781108	          812.616432	
2025-05-13 00:26:00.000	      2019483.521310	     29394741.324964	     30311791.738229	         -743.336599	         -800.235135	          803.027399	
2025-05-13 00:27:00.000	      1974673.972812	     29346925.099389	     30359685.322409	         -750.305368	         -793.628687	          793.422451	
2025-05-13 00:27:60.000	      1929448.033091	     29299507.062364	     30407002.136723	         -757.216217	         -786.962267	          783.801767	
2025-05-13 00:29:00.000	      1883809.193114	     29252490.797006	     30453741.242398	         -764.068622	         -780.236383	          774.165527	
2025-05-13 00:30:00.000	      1837760.976460	     29205879.855762	     30499901.711425	         -770.862063	         -773.451546	          764.513910	
2025-05-13 00:30:60.000	      1791306.932364	     29159677.760555	     30545482.626581	         -777.596027	         -766.608274	          754.847095	
2025-05-13 00:31:60.000	      1744450.648831	     29113888.001670	     30590483.081449	         -784.270003	         -759.707086	          745.165264	
2025-05-13 00:33:00.000	      1697195.740315	     29068514.038255	     30634902.180434	         -790.883486	         -752.748510	          735.468597	
2025-05-13 00:33:60.000	      1649545.847471	     29023559.298018	     30678739.038787	         -797.435974	         -745.733074	          725.757274	
2025-05-13 00:34:60.000	      1601504.650202	     28979027.176204	     30721992.782623	         -803.926972	         -738.661313	          716.031477	
2025-05-13 00:36:00.000	      1553075.848731	     28934921.036399	     30764662.548940	         -810.355987	         -731.533766	          706.291388	
2025-05-13 00:36:60.000	      1504263.176642	     28891244.209512	     30806747.485638	         -816.722532	         -724.350975	          696.537187	
2025-05-13 00:37:60.000	      1455070.400565	     28847999.993549	     30848246.751538	         -823.026126	         -717.113488	          686.769059	
2025-05-13 00:39:00.000	      1405501.307974	     28805191.653975	     30889159.516403	         -829.266291	         -709.821857	          676.987184	
2025-05-13 00:40:00.000	      1355559.721473	     28762822.422710	     30929484.960952	         -835.442554	         -702.476635	          667.191746	
2025-05-13 00:40:60.000	      1305249.485281	     28720895.498534	     30969222.276882	         -841.554447	         -695.078385	          657.382928	
2025-05-13 00:42:00.000	      1254574.479456	     28679414.046158	     31008370.666885	         -847.601508	         -687.627668	          647.560913	
2025-05-13 00:43:00.000	      1203538.607723	     28638381.196539	     31046929.344668	         -853.583277	         -680.125052	          637.725885	
2025-05-13 00:43:60.000	      1152145.797219	     28597800.046606	     31084897.534967	         -859.499303	         -672.571110	          627.878028	
2025-05-13 00:45:00.000	      1100400.011302	     28557673.658486	     31122274.473566	         -865.349136	         -664.966418	          618.017527	
2025-05-13 00:46:00.000	      1048305.230888	     28518005.060019	     31159059.407316	         -871.132334	         -657.311554	          608.144565	
2025-05-13 00:46:60.000	       995865.467270	     28478797.243987	     31195251.594153	         -876.848459	         -649.607102	          598.259328	
2025-05-13 00:47:60.000	       943084.761785	     28440053.167920	     31230850.303109	         -882.497077	         -641.853650	          588.362001	
2025-05-13 00:49:00.000	       889967.173767	     28401775.754271	     31265854.814337	         -888.077760	         -634.051789	          578.452769	
2025-05-13 00:49:60.000	       836516.793288	     28363967.889733	     31300264.419122	         -893.590087	         -626.202112	          568.531818	
2025-05-13 00:50:60.000	       782737.734324	     28326632.425247	     31334078.419899	         -899.033639	         -618.305220	          558.599334	
2025-05-13 00:52:00.000	       728634.135749	     28289772.175735	     31367296.130271	         -904.408004	         -610.361714	          548.655503	
2025-05-13 00:53:00.000	       674210.162317	     28253389.919852	     31399916.875022	         -909.712776	         -602.372199	          538.700511	
2025-05-13 00:53:60.000	       619469.997866	     28217488.399928	     31431939.990135	         -914.947551	         -594.337286	          528.734547	
2025-05-13 00:55:00.000	       564417.859248	     28182070.321419	     31463364.822807	         -920.111934	         -586.257586	          518.757795	
2025-05-13 00:56:00.000	       509057.977888	     28147138.353113	     31494190.731464	         -925.205533	         -578.133716	          508.770445	
2025-05-13 00:56:60.000	       453394.612405	     28112695.126630	     31524417.085778	         -930.227963	         -569.966296	          498.772683	
2025-05-13 00:58:00.000	       397432.048262	     28078743.236255	     31554043.266681	         -935.178843	         -561.755949	          488.764697	
2025-05-13 00:59:00.000	       341174.585854	     28045285.238916	     31583068.666378	         -940.057798	         -553.503300	          478.746675	
2025-05-13 00:59:60.000	       284626.553061	     28012323.653779	     31611492.688366	         -944.864460	         -545.208981	          468.718805	
