2025-05-13 00:00:00.000	    -32197256.244073	     27143314.972755	     -2200519.200161	           -1.346188	           -3.478243	            5.770324	
2025-05-13 00:01:00.000	    -32197338.042830	     27143106.732754	     -2200151.918163	           -1.380404	           -3.463072	            6.472099	
2025-05-13 00:01:60.000	    -32197421.889798	     27142899.408810	     -2199742.533242	           -1.414420	           -3.447659	            7.173755	
2025-05-13 00:02:60.000	    -32197507.769170	     27142693.019853	     -2199291.052961	           -1.448233	           -3.432005	            7.875277	
2025-05-13 00:04:00.000	    -32197595.672480	     27142487.575852	     -2198797.485687	           -1.481843	           -3.416112	            8.576654	
2025-05-13 00:04:60.000	    -32197685.586155	     27142283.092571	     -2198261.840593	           -1.515245	           -3.399981	            9.277870	
2025-05-13 00:05:60.000	    -32197777.497745	     27142079.584186	     -2197684.127659	           -1.548439	           -3.383615	            9.978914	
2025-05-13 00:07:00.000	    -32197871.394669	     27141877.064764	     -2197064.357667	           -1.581423	           -3.367016	           10.679772	
2025-05-13 00:08:00.000	    -32197967.262982	     27141675.549737	     -2196402.542206	           -1.614194	           -3.350185	           11.380429	
2025-05-13 00:08:60.000	    -32198065.093592	     27141475.048520	     -2195698.693670	           -1.646750	           -3.333124	           12.080873	
2025-05-13 00:10:00.000	    -32198164.868575	     27141275.580744	     -2194952.825255	           -1.679089	           -3.315836	           12.781091	
2025-05-13 00:11:00.000	    -32198266.578594	     27141077.155597	     -2194164.950964	           -1.711209	           -3.298321	           13.481069	
2025-05-13 00:11:60.000	    -32198370.210466	     27140879.786575	     -2193335.085602	           -1.743109	           -3.280583	           14.180793	
2025-05-13 00:13:00.000	    -32198475.747148	     27140683.491492	     -2192463.244779	           -1.774786	           -3.262622	           14.880250	
2025-05-13 00:14:00.000	    -32198583.178951	     27140488.279181	     -2191549.444908	           -1.806238	           -3.244441	           15.579427	
2025-05-13 00:14:60.000	    -32198692.491093	     27140294.164263	     -2190593.703205	           -1.837463	           -3.226042	           16.278310	
2025-05-13 00:15:60.000	    -32198803.669916	     27140101.159766	     -2189596.037688	           -1.868460	           -3.207428	           16.976887	
2025-05-13 00:17:00.000	    -32198916.701653	     27139909.278595	     -2188556.467180	           -1.899227	           -3.188599	           17.675143	
2025-05-13 00:17:60.000	    -32199031.572420	     27139718.533534	     -2187475.011304	           -1.929761	           -3.169558	           18.373065	
2025-05-13 00:18:60.000	    -32199148.268225	     27139528.937243	     -2186351.690486	           -1.960061	           -3.150307	           19.070640	
2025-05-13 00:20:00.000	    -32199266.773717	     27139340.503740	     -2185186.525952	           -1.990125	           -3.130848	           19.767855	
2025-05-13 00:20:60.000	    -32199387.078417	     27139153.241008	     -2183979.539730	           -2.019952	           -3.111183	           20.464696	
2025-05-13 00:21:60.000	    -32199509.164268	     27138967.165766	     -2182730.754649	           -2.049538	           -3.091314	           21.161150	
2025-05-13 00:23:00.000	    -32199633.016840	     27138782.290176	     -2181440.194338	           -2.078884	           -3.071244	           21.857203	
2025-05-13 00:24:00.000	    -32199758.624087	     27138598.623325	     -2180107.883226	           -2.107986	           -3.050974	           22.552842	
2025-05-13 00:24:60.000	    -32199885.970122	     27138416.178596	     -2178733.846540	           -2.136843	           -3.030507	           23.248055	
2025-05-13 00:26:00.000	    -32200015.040204	     27138234.967770	     -2177318.110308	           -2.165454	           -3.009844	           23.942827	
2025-05-13 00:27:00.000	    -32200145.819483	     27138055.002498	     -2175860.701355	           -2.193816	           -2.988989	           24.637145	
2025-05-13 00:27:60.000	    -32200278.293011	     27137876.294301	     -2174361.647305	           -2.221928	           -2.967942	           25.330996	
2025-05-13 00:29:00.000	    -32200412.445742	     27137698.854570	     -2172820.976577	           -2.249789	           -2.946707	           26.024367	
2025-05-13 00:30:00.000	    -32200548.261285	     27137522.696038	     -2171238.718391	           -2.277397	           -2.925285	           26.717244	
2025-05-13 00:30:60.000	    -32200685.728125	     27137347.825405	     -2169614.902760	           -2.304749	           -2.903679	           27.409614	
2025-05-13 00:31:60.000	    -32200824.827193	     27137174.258087	     -2167949.560494	           -2.331846	           -2.881891	           28.101464	
2025-05-13 00:33:00.000	    -32200965.543050	     27137002.004946	     -2166242.723197	           -2.358684	           -2.859922	           28.792781	
2025-05-13 00:33:60.000	    -32201107.863902	     27136831.072275	     -2164494.423271	           -2.385262	           -2.837777	           29.483552	
2025-05-13 00:34:60.000	    -32201251.769148	     27136661.476567	     -2162704.693909	           -2.411580	           -2.815456	           30.173762	
2025-05-13 00:36:00.000	    -32201397.246808	     27136493.223845	     -2160873.569097	           -2.437634	           -2.792962	           30.863399	
2025-05-13 00:36:60.000	    -32201544.281078	     27136326.324422	     -2159001.083617	           -2.463425	           -2.770297	           31.552450	
2025-05-13 00:37:60.000	    -32201692.852333	     27136160.792906	     -2157087.273040	           -2.488950	           -2.747464	           32.240902	
2025-05-13 00:39:00.000	    -32201842.948329	     27135996.634901	     -2155132.173730	           -2.514208	           -2.724464	           32.928741	
2025-05-13 00:40:00.000	    -32201994.550510	     27135833.863261	     -2153135.822842	           -2.539198	           -2.701301	           33.615954	
2025-05-13 00:40:60.000	    -32202147.646456	     27135672.483317	     -2151098.258321	           -2.563917	           -2.677976	           34.302528	
2025-05-13 00:42:00.000	    -32202302.216201	     27135512.509115	     -2149019.518901	           -2.588366	           -2.654493	           34.988450	
2025-05-13 00:43:00.000	    -32202458.243432	     27135353.950129	     -2146899.644105	           -2.612541	           -2.630852	           35.673707	
2025-05-13 00:43:60.000	    -32202615.715480	     27135196.811269	     -2144738.674244	           -2.636443	           -2.607057	           36.358285	
2025-05-13 00:45:00.000	    -32202774.610893	     27135041.107632	     -2142536.650415	           -2.660070	           -2.583110	           37.042172	
2025-05-13 00:46:00.000	    -32202934.916850	     27134886.843836	     -2140293.614505	           -2.683420	           -2.559013	           37.725354	
2025-05-13 00:46:60.000	    -32203096.616716	     27134734.028787	     -2138009.609182	           -2.706492	           -2.534770	           38.407819	
2025-05-13 00:47:60.000	    -32203259.690053	     27134582.675675	     -2135684.677902	           -2.729285	           -2.510381	           39.089552	
2025-05-13 00:49:00.000	    -32203424.123809	     27134432.788689	     -2133318.864905	           -2.751797	           -2.485850	           39.770542	
2025-05-13 00:49:60.000	    -32203589.899887	     27134284.377773	     -2130912.215212	           -2.774029	           -2.461179	           40.450775	
2025-05-13 00:50:60.000	    -32203757.001359	     27134137.451254	     -2128464.774629	           -2.795977	           -2.436370	           41.130238	
2025-05-13 00:52:00.000	    -32203925.411230	     27133992.017306	     -2125976.589743	           -2.817642	           -2.411427	           41.808918	
2025-05-13 00:53:00.000	    -32204095.111189	     27133848.085438	     -2123447.707920	           -2.839021	           -2.386351	           42.486802	
2025-05-13 00:53:60.000	    -32204266.087834	     27133705.659105	     -2120878.177307	           -2.860115	           -2.361144	           43.163877	
2025-05-13 00:55:00.000	    -32204438.318991	     27133564.751944	     -2118268.046830	           -2.880921	           -2.335810	           43.840130	
2025-05-13 00:56:00.000	    -32204611.791127	     27133425.367114	     -2115617.366193	           -2.901439	           -2.310351	           44.515549	
2025-05-13 00:56:60.000	    -32204786.486915	     27133287.512050	     -2112926.185876	           -2.921668	           -2.284769	           45.190119	
2025-05-13 00:58:00.000	    -32204962.385234	     27133151.198467	     -2110194.557137	           -2.941607	           -2.259067	           45.863829	
2025-05-13 00:59:00.000	    -32205139.472366	     27133016.429073	     -2107422.532008	           -2.961254	           -2.233247	           46.536665	
2025-05-13 00:59:60.000	    -32205317.729558	     27132883.212329	     -2104610.163294	           -2.980609	           -2.207312	           47.208615	
