2025-05-13 00:00:00.000	     12299169.723107	     21226164.655880	    -13299481.216400	           49.827522	         1524.505087	         2485.518565	
2025-05-13 00:01:00.000	     12302269.684603	     21317123.152579	    -13149912.606213	           53.479173	         1507.427410	         2500.074154	
2025-05-13 00:01:60.000	     12305584.169775	     21407053.905483	    -12999475.600458	           56.978166	         1490.247299	         2514.464922	
2025-05-13 00:02:60.000	     12309103.990421	     21495950.831164	    -12848180.117079	           60.323450	         1472.966900	         2528.689914	
2025-05-13 00:04:00.000	     12312819.890169	     21583807.978551	    -12696036.131105	           63.514000	         1455.588366	         2542.748184	
2025-05-13 00:04:60.000	     12316722.555855	     21670619.524110	    -12543053.674005	           66.548816	         1438.113870	         2556.638795	
2025-05-13 00:05:60.000	     12320802.614193	     21756379.775475	    -12389242.833020	           69.426928	         1420.545593	         2570.360825	
2025-05-13 00:07:00.000	     12325050.634343	     21841083.171661	    -12234613.750507	           72.147387	         1402.885733	         2583.913360	
2025-05-13 00:08:00.000	     12329457.130516	     21924724.283264	    -12079176.623272	           74.709277	         1385.136497	         2597.295499	
2025-05-13 00:08:60.000	     12334012.558545	     22007297.816032	    -11922941.701896	           77.111703	         1367.300107	         2610.506349	
2025-05-13 00:10:00.000	     12338707.328570	     22088798.605372	    -11765919.290067	           79.353800	         1349.378795	         2623.545033	
2025-05-13 00:11:00.000	     12343531.792561	     22169221.624961	    -11608119.743900	           81.434731	         1331.374806	         2636.410682	
2025-05-13 00:11:60.000	     12348476.256015	     22248561.981781	    -11449553.471255	           83.353683	         1313.290396	         2649.102439	
2025-05-13 00:13:00.000	     12353530.979659	     22326814.916776	    -11290230.931056	           85.109874	         1295.127830	         2661.619459	
2025-05-13 00:14:00.000	     12358686.171900	     22403975.810587	    -11130162.632601	           86.702546	         1276.889386	         2673.960909	
2025-05-13 00:14:60.000	     12363932.000683	     22480040.178512	    -10969359.134872	           88.130972	         1258.577351	         2686.125964	
2025-05-13 00:15:60.000	     12369258.590053	     22555003.673938	    -10807831.045837	           89.394451	         1240.194022	         2698.113817	
2025-05-13 00:17:00.000	     12374656.022846	     22628862.088349	    -10645589.021759	           90.492309	         1221.741704	         2709.923666	
2025-05-13 00:17:60.000	     12380114.342365	     22701611.351885	    -10482643.766488	           91.423903	         1203.222714	         2721.554725	
2025-05-13 00:18:60.000	     12385623.554062	     22773247.533883	    -10319006.030761	           92.188615	         1184.639376	         2733.006218	
2025-05-13 00:20:00.000	     12391173.628280	     22843766.842812	    -10154686.611490	           92.785856	         1165.994022	         2744.277382	
2025-05-13 00:20:60.000	     12396754.496708	     22913165.629619	     -9989696.351055	           93.215067	         1147.288993	         2755.367465	
2025-05-13 00:21:60.000	     12402356.064558	     22981440.382514	     -9824046.136589	           93.475715	         1128.526638	         2766.275726	
2025-05-13 00:23:00.000	     12407968.202856	     23048587.732533	     -9657746.899260	           93.567298	         1109.709311	         2777.001439	
2025-05-13 00:24:00.000	     12413580.751170	     23114604.453402	     -9490809.613550	           93.489341	         1090.839377	         2787.543886	
2025-05-13 00:24:60.000	     12419183.524607	     23179487.459102	     -9323245.296536	           93.241397	         1071.919203	         2797.902365	
2025-05-13 00:26:00.000	     12424766.311323	     23243233.806525	     -9155065.007159	           92.823049	         1052.951166	         2808.076183	
2025-05-13 00:27:00.000	     12430318.875303	     23305840.695273	     -8986279.845498	           92.233910	         1033.937646	         2818.064661	
2025-05-13 00:27:60.000	     12435830.958092	     23367305.467998	     -8816900.952037	           91.473618	         1014.881032	         2827.867131	
2025-05-13 00:29:00.000	     12441292.280529	     23427625.610724	     -8646939.506932	           90.541845	          995.783714	         2837.482940	
2025-05-13 00:30:00.000	     12446692.545568	     23486798.752573	     -8476406.729273	           89.438288	          976.648090	         2846.911443	
2025-05-13 00:30:60.000	     12452021.434635	     23544822.668893	     -8305313.876342	           88.162675	          957.476561	         2856.152010	
2025-05-13 00:31:60.000	     12457268.620135	     23601695.275812	     -8133672.242873	           86.714762	          938.271532	         2865.204024	
2025-05-13 00:33:00.000	     12462423.757532	     23657414.635596	     -7961493.160306	           85.094335	          919.035412	         2874.066879	
2025-05-13 00:33:60.000	     12467476.487050	     23711978.956871	     -7788787.996038	           83.301210	          899.770614	         2882.739982	
2025-05-13 00:34:60.000	     12472416.446288	     23765386.589090	     -7615568.152676	           81.335230	          880.479553	         2891.222752	
2025-05-13 00:36:00.000	     12477233.256780	     23817636.030705	     -7441845.067281	           79.196269	          861.164647	         2899.514622	
2025-05-13 00:36:60.000	     12481916.536603	     23868725.923590	     -7267630.210612	           76.884230	          841.828315	         2907.615036	
2025-05-13 00:37:60.000	     12486455.902182	     23918655.053163	     -7092935.086374	           74.399046	          822.472980	         2915.523451	
2025-05-13 00:39:00.000	     12490840.960181	     23967422.353638	     -6917771.230451	           71.740677	          803.101066	         2923.239337	
2025-05-13 00:40:00.000	     12495061.321328	     24015026.901799	     -6742150.210150	           68.909115	          783.714995	         2930.762177	
2025-05-13 00:40:60.000	     12499106.591182	     24061467.922788	     -6566083.623435	           65.904380	          764.317194	         2938.091467	
2025-05-13 00:42:00.000	     12502966.384012	     24106744.783831	     -6389583.098157	           62.726521	          744.910089	         2945.226714	
2025-05-13 00:43:00.000	     12506630.314649	     24150856.999410	     -6212660.291292	           59.375619	          725.496104	         2952.167440	
2025-05-13 00:43:60.000	     12510088.000228	     24193804.231244	     -6035326.888164	           55.851780	          706.077665	         2958.913179	
2025-05-13 00:45:00.000	     12513329.073021	     24235586.282528	     -5857594.601678	           52.155144	          686.657197	         2965.463477	
2025-05-13 00:46:00.000	     12516343.166691	     24276203.105902	     -5679475.171542	           48.285877	          667.237122	         2971.817894	
2025-05-13 00:46:60.000	     12519119.929132	     24315654.797637	     -5500980.363491	           44.244176	          647.819862	         2977.976003	
2025-05-13 00:47:60.000	     12521649.024259	     24353941.597531	     -5322121.968511	           40.030266	          628.407837	         2983.937390	
2025-05-13 00:49:00.000	     12523920.123723	     24391063.893953	     -5142911.802056	           35.644402	          609.003465	         2989.701652	
2025-05-13 00:49:60.000	     12525922.919820	     24427022.217957	     -4963361.703270	           31.086870	          589.609161	         2995.268403	
2025-05-13 00:50:60.000	     12527647.121667	     24461817.245986	     -4783483.534198	           26.357982	          570.227336	         3000.637266	
2025-05-13 00:52:00.000	     12529082.458066	     24495449.799106	     -4603289.179007	           21.458082	          550.860400	         3005.807880	
2025-05-13 00:53:00.000	     12530218.680387	     24527920.842216	     -4422790.543196	           16.387540	          531.510757	         3010.779896	
2025-05-13 00:53:60.000	     12531045.558682	     24559231.486694	     -4241999.552809	           11.146759	          512.180809	         3015.552977	
2025-05-13 00:55:00.000	     12531552.895802	     24589382.983816	     -4060928.153643	            5.736167	          492.872951	         3020.126802	
2025-05-13 00:56:00.000	     12531730.513387	     24618376.732519	     -3879588.310461	            0.156224	          473.589576	         3024.501060	
2025-05-13 00:56:60.000	     12531568.264851	     24646214.273363	     -3697992.006196	           -5.592582	          454.333069	         3028.675456	
2025-05-13 00:58:00.000	     12531056.037132	     24672897.288201	     -3516151.241160	          -11.509735	          435.105812	         3032.649706	
2025-05-13 00:59:00.000	     12530183.742250	     24698427.605008	     -3334078.032246	          -17.594689	          415.910180	         3036.423541	
2025-05-13 00:59:60.000	     12528941.330326	     24722807.191772	     -3151784.412135	          -23.846871	          396.748540	         3039.996704	
