2025-05-13 00:00:00.000	    -14711022.128656	     39491298.966816	     -1063054.715046	           -2.002687	           -0.880960	           11.740239	
2025-05-13 00:01:00.000	    -14711142.435756	     39491246.408783	     -1062340.108297	           -2.007533	           -0.870982	           12.079522	
2025-05-13 00:01:60.000	    -14711263.032532	     39491194.449297	     -1061605.151445	           -2.012283	           -0.860986	           12.418575	
2025-05-13 00:02:60.000	    -14711383.907801	     39491143.091524	     -1060849.858532	           -2.016936	           -0.850970	           12.757391	
2025-05-13 00:04:00.000	    -14711505.061232	     39491092.334544	     -1060074.243988	           -2.021494	           -0.840937	           13.095962	
2025-05-13 00:04:60.000	    -14711626.485247	     39491042.180090	     -1059278.322636	           -2.025956	           -0.830886	           13.434284	
2025-05-13 00:05:60.000	    -14711748.174077	     39490992.629180	     -1058462.109686	           -2.030321	           -0.820819	           13.772349	
2025-05-13 00:07:00.000	    -14711870.121943	     39490943.682790	     -1057625.620737	           -2.034591	           -0.810736	           14.110150	
2025-05-13 00:08:00.000	    -14711992.321251	     39490895.342530	     -1056768.871778	           -2.038763	           -0.800637	           14.447682	
2025-05-13 00:08:60.000	    -14712114.771645	     39490847.607268	     -1055891.879184	           -2.042839	           -0.790524	           14.784938	
2025-05-13 00:10:00.000	    -14712237.460091	     39490800.480554	     -1054994.659721	           -2.046819	           -0.780397	           15.121911	
2025-05-13 00:11:00.000	    -14712360.386225	     39490753.961173	     -1054077.230540	           -2.050702	           -0.770257	           15.458595	
2025-05-13 00:11:60.000	    -14712483.544249	     39490708.049893	     -1053139.609182	           -2.054488	           -0.760105	           15.794983	
2025-05-13 00:13:00.000	    -14712606.922925	     39490662.749463	     -1052181.813573	           -2.058178	           -0.749941	           16.131069	
2025-05-13 00:14:00.000	    -14712730.521883	     39490618.058544	     -1051203.862026	           -2.061771	           -0.739766	           16.466847	
2025-05-13 00:14:60.000	    -14712854.333503	     39490573.978451	     -1050205.773241	           -2.065267	           -0.729580	           16.802310	
2025-05-13 00:15:60.000	    -14712978.351974	     39490530.509785	     -1049187.566304	           -2.068666	           -0.719385	           17.137452	
2025-05-13 00:17:00.000	    -14713102.571486	     39490487.653105	     -1048149.260687	           -2.071968	           -0.709181	           17.472266	
2025-05-13 00:17:60.000	    -14713226.986224	     39490445.408926	     -1047090.876247	           -2.075173	           -0.698968	           17.806746	
2025-05-13 00:18:60.000	    -14713351.590378	     39490403.777724	     -1046012.433225	           -2.078282	           -0.688748	           18.140885	
2025-05-13 00:20:00.000	    -14713476.376317	     39490362.760607	     -1044913.952247	           -2.081293	           -0.678521	           18.474677	
2025-05-13 00:20:60.000	    -14713601.343662	     39490322.355942	     -1043795.454324	           -2.084208	           -0.668288	           18.808116	
2025-05-13 00:21:60.000	    -14713726.481167	     39490282.566102	     -1042656.960850	           -2.087026	           -0.658050	           19.141196	
2025-05-13 00:23:00.000	    -14713851.783016	     39490243.391395	     -1041498.493603	           -2.089747	           -0.647806	           19.473909	
2025-05-13 00:24:00.000	    -14713977.247018	     39490204.830740	     -1040320.074743	           -2.092371	           -0.637559	           19.806249	
2025-05-13 00:24:60.000	    -14714102.865550	     39490166.885033	     -1039121.726813	           -2.094898	           -0.627308	           20.138211	
2025-05-13 00:26:00.000	    -14714228.632803	     39490129.554460	     -1037903.472737	           -2.097328	           -0.617055	           20.469787	
2025-05-13 00:27:00.000	    -14714354.542968	     39490092.839160	     -1036665.335822	           -2.099661	           -0.606799	           20.800972	
2025-05-13 00:27:60.000	    -14714480.590238	     39490056.739235	     -1035407.339757	           -2.101898	           -0.596542	           21.131759	
2025-05-13 00:29:00.000	    -14714606.768811	     39490021.254743	     -1034129.508609	           -2.104038	           -0.586285	           21.462141	
2025-05-13 00:30:00.000	    -14714733.071078	     39489986.386376	     -1032831.866827	           -2.106082	           -0.576027	           21.792113	
2025-05-13 00:30:60.000	    -14714859.496670	     39489952.132085	     -1031514.439240	           -2.108029	           -0.565771	           22.121668	
2025-05-13 00:31:60.000	    -14714986.034369	     39489918.493829	     -1030177.251055	           -2.109879	           -0.555515	           22.450799	
2025-05-13 00:33:00.000	    -14715112.678382	     39489885.471500	     -1028820.327859	           -2.111633	           -0.545262	           22.779501	
2025-05-13 00:33:60.000	    -14715239.428360	     39489853.062928	     -1027443.695617	           -2.113290	           -0.535012	           23.107767	
2025-05-13 00:34:60.000	    -14715366.271281	     39489821.270620	     -1026047.380673	           -2.114852	           -0.524765	           23.435591	
2025-05-13 00:36:00.000	    -14715493.206803	     39489790.092324	     -1024631.409745	           -2.116317	           -0.514523	           23.762967	
2025-05-13 00:36:60.000	    -14715620.229159	     39489759.527768	     -1023195.809932	           -2.117686	           -0.504285	           24.089887	
2025-05-13 00:37:60.000	    -14715747.327154	     39489729.578664	     -1021740.608707	           -2.118959	           -0.494053	           24.416347	
2025-05-13 00:39:00.000	    -14715874.500470	     39489700.242633	     -1020265.833918	           -2.120136	           -0.483827	           24.742340	
2025-05-13 00:40:00.000	    -14716001.739734	     39489671.520632	     -1018771.513791	           -2.121218	           -0.473607	           25.067858	
2025-05-13 00:40:60.000	    -14716129.044635	     39489643.410204	     -1017257.676924	           -2.122203	           -0.463396	           25.392897	
2025-05-13 00:42:00.000	    -14716256.404010	     39489615.912896	     -1015724.352291	           -2.123094	           -0.453193	           25.717451	
2025-05-13 00:43:00.000	    -14716383.812135	     39489589.028192	     -1014171.569239	           -2.123889	           -0.442998	           26.041511	
2025-05-13 00:43:60.000	    -14716511.268722	     39489562.753513	     -1012599.357487	           -2.124589	           -0.432814	           26.365074	
2025-05-13 00:45:00.000	    -14716638.760820	     39489537.090961	     -1011007.747129	           -2.125193	           -0.422639	           26.688132	
2025-05-13 00:46:00.000	    -14716766.288163	     39489512.037874	     -1009396.768629	           -2.125703	           -0.412476	           27.010679	
2025-05-13 00:46:60.000	    -14716893.845060	     39489487.593577	     -1007766.452822	           -2.126118	           -0.402324	           27.332708	
2025-05-13 00:47:60.000	    -14717021.420400	     39489463.759375	     -1006116.830915	           -2.126439	           -0.392184	           27.654215	
2025-05-13 00:49:00.000	    -14717149.013941	     39489440.532489	     -1004447.934485	           -2.126665	           -0.382058	           27.975193	
2025-05-13 00:49:60.000	    -14717276.618215	     39489417.912797	     -1002759.795478	           -2.126796	           -0.371945	           28.295634	
2025-05-13 00:50:60.000	    -14717404.227571	     39489395.899461	     -1001052.446210	           -2.126834	           -0.361846	           28.615535	
2025-05-13 00:52:00.000	    -14717531.836375	     39489374.491605	      -999325.919362	           -2.126778	           -0.351762	           28.934887	
2025-05-13 00:53:00.000	    -14717659.437185	     39489353.688990	      -997580.247988	           -2.126628	           -0.341694	           29.253686	
2025-05-13 00:53:60.000	    -14717787.029820	     39489333.488635	      -995815.465504	           -2.126385	           -0.331642	           29.571924	
2025-05-13 00:55:00.000	    -14717914.601434	     39489313.892245	      -994031.605696	           -2.126048	           -0.321607	           29.889596	
2025-05-13 00:56:00.000	    -14718042.151869	     39489294.896764	      -992228.702714	           -2.125619	           -0.311589	           30.206697	
2025-05-13 00:56:60.000	    -14718169.675548	     39489276.501118	      -990406.791074	           -2.125096	           -0.301590	           30.523219	
2025-05-13 00:58:00.000	    -14718297.161475	     39489258.706220	      -988565.905655	           -2.124481	           -0.291609	           30.839156	
2025-05-13 00:59:00.000	    -14718424.609533	     39489241.508897	      -986706.081701	           -2.123773	           -0.281648	           31.154503	
2025-05-13 00:59:60.000	    -14718552.012373	     39489224.908634	      -984827.354819	           -2.122974	           -0.271707	           31.469254	
