2025-05-13 00:00:00.000	    -11350675.495803	    -21671707.897693	     13405742.642783	           -5.891275	        -1540.857350	        -2490.936428	
2025-05-13 00:01:00.000	    -11351165.493159	    -21763647.876940	     13255845.051727	          -10.417046	        -1523.789950	        -2505.622145	
2025-05-13 00:01:60.000	    -11351922.537881	    -21854560.498419	     13105071.288042	          -14.792691	        -1506.612429	        -2520.142020	
2025-05-13 00:02:60.000	    -11352937.590527	    -21944439.217098	     12953431.330946	          -19.017052	        -1489.326916	        -2534.495099	
2025-05-13 00:04:00.000	    -11354201.536887	    -22033277.619323	     12800935.216656	          -23.088995	        -1471.935557	        -2548.680436	
2025-05-13 00:04:60.000	    -11355705.199554	    -22121069.418513	     12647593.037720	          -27.007413	        -1454.440511	        -2562.697098	
2025-05-13 00:05:60.000	    -11357439.334475	    -22207808.458633	     12493414.942340	          -30.771225	        -1436.843953	        -2576.544163	
2025-05-13 00:07:00.000	    -11359394.633537	    -22293488.714523	     12338411.133703	          -34.379377	        -1419.148071	        -2590.220721	
2025-05-13 00:08:00.000	    -11361561.727173	    -22378104.292214	     12182591.869295	          -37.830840	        -1401.355067	        -2603.725871	
2025-05-13 00:08:60.000	    -11363931.180829	    -22461649.432346	     12025967.460219	          -41.124614	        -1383.467156	        -2617.058728	
2025-05-13 00:10:00.000	    -11366493.507864	    -22544118.505225	     11868548.270511	          -44.259724	        -1365.486568	        -2630.218413	
2025-05-13 00:11:00.000	    -11369239.156775	    -22625506.018893	     11710344.716447	          -47.235221	        -1347.415542	        -2643.204062	
2025-05-13 00:11:60.000	    -11372158.523099	    -22705806.614667	     11551367.265849	          -50.050187	        -1329.256332	        -2656.014821	
2025-05-13 00:13:00.000	    -11375241.951108	    -22785015.067869	     11391626.437390	          -52.703728	        -1311.011204	        -2668.649850	
2025-05-13 00:14:00.000	    -11378479.726062	    -22863126.293230	     11231132.799892	          -55.194978	        -1292.682436	        -2681.108317	
2025-05-13 00:14:60.000	    -11381862.086280	    -22940135.340362	     11069896.971624	          -57.523099	        -1274.272314	        -2693.389405	
2025-05-13 00:15:60.000	    -11385379.219589	    -23016037.397036	     10907929.619593	          -59.687281	        -1255.783139	        -2705.492308	
2025-05-13 00:17:00.000	    -11389021.266035	    -23090827.789304	     10745241.458837	          -61.686742	        -1237.217222	        -2717.416230	
2025-05-13 00:17:60.000	    -11392778.319555	    -23164501.982130	     10581843.251709	          -63.520726	        -1218.576881	        -2729.160390	
2025-05-13 00:18:60.000	    -11396640.429662	    -23237055.579988	     10417745.807165	          -65.188509	        -1199.864447	        -2740.724015	
2025-05-13 00:20:00.000	    -11400597.604206	    -23308484.326928	     10252959.980038	          -66.689391	        -1181.082260	        -2752.106349	
2025-05-13 00:20:60.000	    -11404639.805722	    -23378784.109748	     10087496.670326	          -68.022703	        -1162.232669	        -2763.306644	
2025-05-13 00:21:60.000	    -11408756.963824	    -23447950.953308	      9921366.822456	          -69.187803	        -1143.318031	        -2774.324165	
2025-05-13 00:23:00.000	    -11412938.967308	    -23515981.025751	      9754581.424566	          -70.184080	        -1124.340713	        -2785.158191	
2025-05-13 00:24:00.000	    -11417175.666898	    -23582870.638481	      9587151.507768	          -71.010948	        -1105.303088	        -2795.808010	
2025-05-13 00:24:60.000	    -11421456.882362	    -23648616.244022	      9419088.145418	          -71.667852	        -1086.207539	        -2806.272926	
2025-05-13 00:26:00.000	    -11425772.399935	    -23713214.438559	      9250402.452378	          -72.154266	        -1067.056455	        -2816.552252	
2025-05-13 00:27:00.000	    -11430111.975128	    -23776661.961851	      9081105.584278	          -72.469692	        -1047.852233	        -2826.645316	
2025-05-13 00:27:60.000	    -11434465.334468	    -23838955.697639	      8911208.736776	          -72.613661	        -1028.597275	        -2836.551455	
2025-05-13 00:29:00.000	    -11438822.177235	    -23900092.674033	      8740723.144812	          -72.585735	        -1009.293990	        -2846.270023	
2025-05-13 00:30:00.000	    -11443172.178314	    -23960070.063351	      8569660.081864	          -72.385502	         -989.944794	        -2855.800382	
2025-05-13 00:30:60.000	    -11447504.984454	    -24018885.185085	      8398030.859197	          -72.012582	         -970.552108	        -2865.141910	
2025-05-13 00:31:60.000	    -11451810.227002	    -24076535.500979	      8225846.825113	          -71.466623	         -951.118357	        -2874.293994	
2025-05-13 00:33:00.000	    -11456077.513793	    -24133018.620044	      8053119.364196	          -70.747302	         -931.645972	        -2883.256038	
2025-05-13 00:33:60.000	    -11460296.430867	    -24188332.298841	      7879859.896559	          -69.854326	         -912.137388	        -2892.027454	
2025-05-13 00:34:60.000	    -11464456.555314	    -24242474.436476	      7706079.877083	          -68.787432	         -892.595044	        -2900.607670	
2025-05-13 00:36:00.000	    -11468547.441535	    -24295443.082194	      7531790.794659	          -67.546386	         -873.021383	        -2908.996126	
2025-05-13 00:36:60.000	    -11472558.634092	    -24347236.430326	      7357004.171423	          -66.130983	         -853.418850	        -2917.192273	
2025-05-13 00:37:60.000	    -11476479.669516	    -24397852.820480	      7181731.561994	          -64.541047	         -833.789895	        -2925.195576	
2025-05-13 00:39:00.000	    -11480300.068027	    -24447290.742435	      7005984.552706	          -62.776434	         -814.136970	        -2933.005515	
2025-05-13 00:40:00.000	    -11484009.347606	    -24495548.830499	      6829774.760838	          -60.837028	         -794.462527	        -2940.621578	
2025-05-13 00:40:60.000	    -11487597.014566	    -24542625.868887	      6653113.833848	          -58.722743	         -774.769024	        -2948.043269	
2025-05-13 00:42:00.000	    -11491052.577688	    -24588520.786031	      6476013.448595	          -56.433523	         -755.058915	        -2955.270106	
2025-05-13 00:43:00.000	    -11494365.539892	    -24633232.659391	      6298485.310568	          -53.969340	         -735.334660	        -2962.301617	
2025-05-13 00:43:60.000	    -11497525.399997	    -24676760.715505	      6120541.153110	          -51.330198	         -715.598717	        -2969.137345	
2025-05-13 00:45:00.000	    -11500521.665800	    -24719104.324752	      5942192.736640	          -48.516129	         -695.853545	        -2975.776844	
2025-05-13 00:46:00.000	    -11503343.840032	    -24760263.008735	      5763451.847871	          -45.527196	         -676.101602	        -2982.219683	
2025-05-13 00:46:60.000	    -11505981.433450	    -24800236.434997	      5584330.299031	          -42.363491	         -656.345348	        -2988.465443	
2025-05-13 00:47:60.000	    -11508423.966640	    -24839024.416977	      5404839.927083	          -39.025136	         -636.587239	        -2994.513719	
2025-05-13 00:49:00.000	    -11510660.961564	    -24876626.918696	      5224992.592934	          -35.512281	         -616.829733	        -3000.364118	
2025-05-13 00:49:60.000	    -11512681.954704	    -24913044.049403	      5044800.180656	          -31.825109	         -597.075283	        -3006.016261	
2025-05-13 00:50:60.000	    -11514476.493161	    -24948276.066104	      4864274.596696	          -27.963830	         -577.326343	        -3011.469780	
2025-05-13 00:52:00.000	    -11516034.137560	    -24982323.372906	      4683427.769085	          -23.928683	         -557.585363	        -3016.724324	
2025-05-13 00:53:00.000	    -11517344.464983	    -25015186.520334	      4502271.646653	          -19.719940	         -537.854791	        -3021.779552	
2025-05-13 00:53:60.000	    -11518397.064997	    -25046866.207805	      4320818.198236	          -15.337899	         -518.137072	        -3026.635136	
2025-05-13 00:55:00.000	    -11519181.554045	    -25077363.277619	      4139079.411883	          -10.782889	         -498.434647	        -3031.290764	
2025-05-13 00:56:00.000	    -11519687.561150	    -25106678.722133	      3957067.294062	           -6.055268	         -478.749952	        -3035.746136	
2025-05-13 00:56:60.000	    -11519904.741151	    -25134813.678242	      3774793.868867	           -1.155424	         -459.085423	        -3040.000963	
2025-05-13 00:58:00.000	    -11519822.776484	    -25161769.427116	      3592271.177223	            3.916225	         -439.443486	        -3044.054972	
2025-05-13 00:59:00.000	    -11519431.368569	    -25187547.398665	      3409511.276086	            9.159235	         -419.826566	        -3047.907903	
2025-05-13 00:59:60.000	    -11518720.251081	    -25212149.165954	      3226526.237650	           14.573129	         -400.237082	        -3051.559508	
