2025-05-13 00:00:00.000	    -34335675.353226	     24425873.488689	      -997652.366801	           -3.206979	           -1.099773	           43.655711	
2025-05-13 00:01:00.000	    -34335867.709654	     24425808.095785	      -995023.464936	           -3.204879	           -1.079998	           43.973949	
2025-05-13 00:01:60.000	    -34336059.937329	     24425743.888211	      -992375.494124	           -3.202650	           -1.060210	           44.291343	
2025-05-13 00:02:60.000	    -34336252.025166	     24425680.871417	      -989708.505187	           -3.200293	           -1.040410	           44.607888	
2025-05-13 00:04:00.000	    -34336443.968806	     24425619.041354	      -987022.549310	           -3.197807	           -1.020600	           44.923575	
2025-05-13 00:04:60.000	    -34336635.759418	     24425558.400209	      -984317.678043	           -3.195192	           -1.000780	           45.238401	
2025-05-13 00:05:60.000	    -34336827.389303	     24425498.948536	      -981593.943296	           -3.192449	           -0.980951	           45.552359	
2025-05-13 00:07:00.000	    -34337018.850769	     24425440.686834	      -978851.397342	           -3.189578	           -0.961114	           45.865442	
2025-05-13 00:08:00.000	    -34337210.135011	     24425383.617118	      -976090.092816	           -3.186579	           -0.941271	           46.177645	
2025-05-13 00:08:60.000	    -34337401.237718	     24425327.735048	      -973310.082709	           -3.183452	           -0.921421	           46.488962	
2025-05-13 00:10:00.000	    -34337592.146748	     24425273.047246	      -970511.420372	           -3.180198	           -0.901567	           46.799387	
2025-05-13 00:11:00.000	    -34337782.857810	     24425219.549259	      -967694.159515	           -3.176816	           -0.881708	           47.108913	
2025-05-13 00:11:60.000	    -34337973.363265	     24425167.241295	      -964858.354201	           -3.173307	           -0.861847	           47.417536	
2025-05-13 00:13:00.000	    -34338163.652125	     24425116.128233	      -962004.058852	           -3.169671	           -0.841983	           47.725248	
2025-05-13 00:14:00.000	    -34338353.720133	     24425066.205446	      -959131.328240	           -3.165908	           -0.822119	           48.032045	
2025-05-13 00:14:60.000	    -34338543.558569	     24425017.474545	      -956240.217494	           -3.162019	           -0.802254	           48.337920	
2025-05-13 00:15:60.000	    -34338733.159841	     24424969.935514	      -953330.782094	           -3.158003	           -0.782390	           48.642868	
2025-05-13 00:17:00.000	    -34338922.516374	     24424923.588278	      -950403.077868	           -3.153861	           -0.762528	           48.946882	
2025-05-13 00:17:60.000	    -34339111.620607	     24424878.432706	      -947457.160999	           -3.149593	           -0.742668	           49.249957	
2025-05-13 00:18:60.000	    -34339300.464994	     24424834.468605	      -944493.088016	           -3.145199	           -0.722812	           49.552086	
2025-05-13 00:20:00.000	    -34339489.040879	     24424791.697310	      -941510.915795	           -3.140680	           -0.702960	           49.853265	
2025-05-13 00:20:60.000	    -34339677.344108	     24424750.113791	      -938510.701560	           -3.136036	           -0.683114	           50.153487	
2025-05-13 00:21:60.000	    -34339865.363820	     24424709.722414	      -935492.502882	           -3.131267	           -0.663275	           50.452747	
2025-05-13 00:23:00.000	    -34340053.092529	     24424670.522764	      -932456.377672	           -3.126373	           -0.643443	           50.751039	
2025-05-13 00:24:00.000	    -34340240.525008	     24424632.511220	      -929402.384190	           -3.121355	           -0.623619	           51.048357	
2025-05-13 00:24:60.000	    -34340427.652686	     24424595.688831	      -926330.581033	           -3.116213	           -0.603804	           51.344696	
2025-05-13 00:26:00.000	    -34340614.468129	     24424560.055010	      -923241.027143	           -3.110948	           -0.584000	           51.640049	
2025-05-13 00:27:00.000	    -34340800.963923	     24424525.609118	      -920133.781799	           -3.105559	           -0.564207	           51.934412	
2025-05-13 00:27:60.000	    -34340987.132671	     24424492.350462	      -917008.904621	           -3.100046	           -0.544426	           52.227778	
2025-05-13 00:29:00.000	    -34341172.966994	     24424460.278288	      -913866.455566	           -3.094411	           -0.524658	           52.520142	
2025-05-13 00:30:00.000	    -34341358.458415	     24424429.393364	      -910706.494926	           -3.088654	           -0.504903	           52.811498	
2025-05-13 00:30:60.000	    -34341543.602952	     24424399.690105	      -907529.083331	           -3.082774	           -0.485164	           53.101841	
2025-05-13 00:31:60.000	    -34341728.389932	     24424371.172313	      -904334.281743	           -3.076772	           -0.465440	           53.391165	
2025-05-13 00:33:00.000	    -34341912.812052	     24424343.839019	      -901122.151457	           -3.070649	           -0.445733	           53.679465	
2025-05-13 00:33:60.000	    -34342096.865398	     24424317.684468	      -897892.754101	           -3.064405	           -0.426044	           53.966735	
2025-05-13 00:34:60.000	    -34342280.538234	     24424292.713876	      -894646.151633	           -3.058040	           -0.406373	           54.252969	
2025-05-13 00:36:00.000	    -34342463.826684	     24424268.921381	      -891382.406340	           -3.051555	           -0.386722	           54.538163	
2025-05-13 00:36:60.000	    -34342646.723539	     24424246.305791	      -888101.580838	           -3.044950	           -0.367091	           54.822311	
2025-05-13 00:37:60.000	    -34342829.218250	     24424224.870583	      -884803.738070	           -3.038225	           -0.347481	           55.105406	
2025-05-13 00:39:00.000	    -34343011.307012	     24424204.609728	      -881488.941303	           -3.031381	           -0.327893	           55.387445	
2025-05-13 00:40:00.000	    -34343192.980442	     24424185.525023	      -878157.254131	           -3.024418	           -0.308328	           55.668421	
2025-05-13 00:40:60.000	    -34343374.234782	     24424167.610334	      -874808.740470	           -3.017337	           -0.288788	           55.948329	
2025-05-13 00:42:00.000	    -34343555.059577	     24424150.868921	      -871443.464558	           -3.010138	           -0.269272	           56.227163	
2025-05-13 00:43:00.000	    -34343735.447762	     24424135.299264	      -868061.490953	           -3.002821	           -0.249782	           56.504919	
2025-05-13 00:43:60.000	    -34343915.395649	     24424120.895073	      -864662.884536	           -2.995386	           -0.230318	           56.781591	
2025-05-13 00:45:00.000	    -34344094.891742	     24424107.661020	      -861247.710502	           -2.987836	           -0.210882	           57.057174	
2025-05-13 00:46:00.000	    -34344273.932409	     24424095.590702	      -857816.034366	           -2.980168	           -0.191474	           57.331662	
2025-05-13 00:46:60.000	    -34344452.510683	     24424084.682392	      -854367.921957	           -2.972385	           -0.172096	           57.605051	
2025-05-13 00:47:60.000	    -34344630.616267	     24424074.939028	      -850903.439421	           -2.964487	           -0.152748	           57.877334	
2025-05-13 00:49:00.000	    -34344808.245608	     24424066.354052	      -847422.653214	           -2.956473	           -0.133431	           58.148507	
2025-05-13 00:49:60.000	    -34344985.390701	     24424058.927151	      -843925.630107	           -2.948345	           -0.114146	           58.418565	
2025-05-13 00:50:60.000	    -34345162.044690	     24424052.656385	      -840412.437180	           -2.940103	           -0.094893	           58.687502	
2025-05-13 00:52:00.000	    -34345338.200750	     24424047.539760	      -836883.141823	           -2.931748	           -0.075674	           58.955314	
2025-05-13 00:53:00.000	    -34345513.850959	     24424043.576808	      -833337.811733	           -2.923279	           -0.056490	           59.221994	
2025-05-13 00:53:60.000	    -34345688.991907	     24424040.760710	      -829776.514915	           -2.914698	           -0.037341	           59.487539	
2025-05-13 00:55:00.000	    -34345863.612376	     24424039.095617	      -826199.319680	           -2.906004	           -0.018228	           59.751942	
2025-05-13 00:56:00.000	    -34346037.709013	     24424038.574609	      -822606.294641	           -2.897199	            0.000848	           60.015200	
2025-05-13 00:56:60.000	    -34346211.275138	     24424039.195435	      -818997.508716	           -2.888283	            0.019885	           60.277306	
2025-05-13 00:58:00.000	    -34346384.300744	     24424040.960521	      -815373.031124	           -2.879257	            0.038885	           60.538256	
2025-05-13 00:59:00.000	    -34346556.782571	     24424043.862791	      -811732.931383	           -2.870120	            0.057844	           60.798045	
2025-05-13 00:59:60.000	    -34346728.712912	     24424047.901420	      -808077.279311	           -2.860874	            0.076763	           61.056668	
