2025-05-13 00:00:00.000	      4176231.703754	     17644078.180898	    -21231889.598679	        -2197.549715	        -1016.278437	        -1273.754222	
2025-05-13 00:01:00.000	      4044015.747260	     17583267.157217	    -21307614.106875	        -2209.623573	        -1010.730452	        -1250.382316	
2025-05-13 00:01:60.000	      3911079.924919	     17522793.580345	    -21381933.809374	        -2221.544902	        -1005.030483	        -1226.927621	
2025-05-13 00:02:60.000	      3777433.447510	     17462666.520677	    -21454843.785055	        -2233.311817	         -999.180138	        -1203.391679	
2025-05-13 00:04:00.000	      3643085.633430	     17402894.952396	    -21526339.205443	        -2244.922456	         -993.181051	        -1179.776036	
2025-05-13 00:04:60.000	      3508045.915439	     17343487.750283	    -21596415.335032	        -2256.374977	         -987.034878	        -1156.082244	
2025-05-13 00:05:60.000	      3372323.835340	     17284453.689235	    -21665067.531600	        -2267.667560	         -980.743298	        -1132.311861	
2025-05-13 00:07:00.000	      3235929.043456	     17225801.442721	    -21732291.246524	        -2278.798406	         -974.308013	        -1108.466450	
2025-05-13 00:08:00.000	      3098871.298081	     17167539.581287	    -21798082.025079	        -2289.765743	         -967.730747	        -1084.547577	
2025-05-13 00:08:60.000	      2961160.460186	     17109676.571942	    -21862435.506739	        -2300.567815	         -961.013246	        -1060.556815	
2025-05-13 00:10:00.000	      2822806.500697	     17052220.775284	    -21925347.425468	        -2311.202896	         -954.157279	        -1036.495742	
2025-05-13 00:11:00.000	      2683819.488106	     16995180.446155	    -21986813.610009	        -2321.669278	         -947.164634	        -1012.365939	
2025-05-13 00:11:60.000	      2544209.594923	     16938563.730965	    -22046829.984158	        -2331.965279	         -940.037122	         -988.168993	
2025-05-13 00:13:00.000	      2403987.096214	     16882378.666525	    -22105392.567043	        -2342.089241	         -932.776575	         -963.906495	
2025-05-13 00:14:00.000	      2263162.361184	     16826633.179835	    -22162497.473391	        -2352.039528	         -925.384845	         -939.580041	
2025-05-13 00:14:60.000	      2121745.859486	     16771335.085685	    -22218140.913785	        -2361.814531	         -917.863805	         -915.191230	
2025-05-13 00:15:60.000	      1979748.155874	     16716492.086031	    -22272319.194924	        -2371.412664	         -910.215346	         -890.741666	
2025-05-13 00:17:00.000	      1837179.909495	     16662111.768682	    -22325028.719868	        -2380.832366	         -902.441382	         -866.232958	
2025-05-13 00:17:60.000	      1694051.872388	     16608201.606132	    -22376265.988286	        -2390.072102	         -894.543844	         -841.666717	
2025-05-13 00:18:60.000	      1550374.887974	     16554768.954402	    -22426027.596684	        -2399.130361	         -886.524682	         -817.044559	
2025-05-13 00:20:00.000	      1406159.890288	     16501821.051835	    -22474310.238643	        -2408.005659	         -878.385866	         -792.368105	
2025-05-13 00:20:60.000	      1261417.898645	     16449365.018307	    -22521110.705038	        -2416.696536	         -870.129385	         -767.638977	
2025-05-13 00:21:60.000	      1116160.023664	     16397407.853481	    -22566425.884258	        -2425.201560	         -861.757244	         -742.858803	
2025-05-13 00:23:00.000	       970397.458872	     16345956.436325	    -22610252.762413	        -2433.519324	         -853.271467	         -718.029213	
2025-05-13 00:24:00.000	       824141.479909	     16295017.523918	    -22652588.423543	        -2441.648447	         -844.674096	         -693.151841	
2025-05-13 00:24:60.000	       677403.446680	     16244597.750187	    -22693430.049817	        -2449.587577	         -835.967189	         -668.228323	
2025-05-13 00:26:00.000	       530194.798739	     16194703.625079	    -22732774.921718	        -2457.335386	         -827.152823	         -643.260301	
2025-05-13 00:27:00.000	       382527.054423	     16145341.533515	    -22770620.418236	        -2464.890576	         -818.233088	         -618.249417	
2025-05-13 00:27:60.000	       234411.809218	     16096517.734407	    -22806964.017044	        -2472.251874	         -809.210094	         -593.197318	
2025-05-13 00:29:00.000	        85860.734109	     16048238.359695	    -22841803.294670	        -2479.418036	         -800.085964	         -568.105652	
2025-05-13 00:30:00.000	       -63114.425339	     16000509.413412	    -22875135.926664	        -2486.387844	         -790.862838	         -542.976072	
2025-05-13 00:30:60.000	      -212501.854320	     15953336.770751	    -22906959.687758	        -2493.160110	         -781.542870	         -517.810231	
2025-05-13 00:31:60.000	      -362289.663134	     15906726.177188	    -22937272.452018	        -2499.733673	         -772.128231	         -492.609786	
2025-05-13 00:33:00.000	      -512465.895483	     15860683.247608	    -22966072.192994	        -2506.107400	         -762.621103	         -467.376397	
2025-05-13 00:33:60.000	      -663018.530146	     15815213.465336	    -22993356.983857	        -2512.280187	         -753.023687	         -442.111725	
2025-05-13 00:34:60.000	      -813935.475432	     15770322.181573	    -23019124.997533	        -2518.250960	         -743.338192	         -416.817434	
2025-05-13 00:36:00.000	      -965204.581063	     15726014.614205	    -23043374.506832	        -2524.018671	         -733.566844	         -391.495190	
2025-05-13 00:36:60.000	     -1116813.632656	     15682295.847275	    -23066103.884570	        -2529.582302	         -723.711883	         -366.146659	
2025-05-13 00:37:60.000	     -1268750.353489	     15639170.830317	    -23087311.603677	        -2534.940865	         -713.775558	         -340.773513	
2025-05-13 00:39:00.000	     -1421002.412727	     15596644.377122	    -23106996.237313	        -2540.093402	         -703.760134	         -315.377421	
2025-05-13 00:40:00.000	     -1573557.419276	     15554721.165595	    -23125156.458963	        -2545.038981	         -693.667885	         -289.960058	
2025-05-13 00:40:60.000	     -1726402.930715	     15513405.736427	    -23141791.042534	        -2549.776704	         -683.501099	         -264.523097	
2025-05-13 00:42:00.000	     -1879526.447232	     15472702.493185	    -23156898.862445	        -2554.305700	         -673.262074	         -239.068214	
2025-05-13 00:43:00.000	     -2032915.419833	     15432615.701018	    -23170478.893703	        -2558.625127	         -662.953119	         -213.597087	
2025-05-13 00:43:60.000	     -2186557.252108	     15393149.485913	    -23182530.211983	        -2562.734177	         -652.576553	         -188.111394	
2025-05-13 00:45:00.000	     -2340439.294977	     15354307.835040	    -23193051.993694	        -2566.632068	         -642.134707	         -162.612814	
2025-05-13 00:46:00.000	     -2494548.858391	     15316094.594803	    -23202043.516041	        -2570.318050	         -631.629919	         -137.103028	
2025-05-13 00:46:60.000	     -2648873.206089	     15278513.471230	    -23209504.157081	        -2573.791404	         -621.064540	         -111.583716	
2025-05-13 00:47:60.000	     -2803399.557449	     15241568.029531	    -23215433.395771	        -2577.051441	         -610.440925	          -86.056562	
2025-05-13 00:49:00.000	     -2958115.095620	     15205261.692450	    -23219830.812008	        -2580.097502	         -599.761443	          -60.523247	
2025-05-13 00:49:60.000	     -3113006.962365	     15169597.740975	    -23222696.086666	        -2582.928959	         -589.028468	          -34.985456	
2025-05-13 00:50:60.000	     -3268062.263400	     15134579.313247	    -23224029.001627	        -2585.545216	         -578.244382	           -9.444870	
2025-05-13 00:52:00.000	     -3423268.069558	     15100209.404218	    -23223829.439797	        -2587.945706	         -567.411577	           16.096824	
2025-05-13 00:53:00.000	     -3578611.417947	     15066490.865381	    -23222097.385129	        -2590.129894	         -556.532448	           41.637945	
2025-05-13 00:53:60.000	     -3734079.317271	     15033426.403530	    -23218832.922625	        -2592.097277	         -545.609400	           67.176806	
2025-05-13 00:55:00.000	     -3889658.742108	     15001018.582189	    -23214036.238340	        -2593.847382	         -534.644844	           92.711724	
2025-05-13 00:56:00.000	     -4045336.644437	     14969269.818894	    -23207707.619382	        -2595.379767	         -523.641196	          118.241016	
2025-05-13 00:56:60.000	     -4201099.948623	     14938182.386527	    -23199847.453893	        -2596.694023	         -512.600877	          143.762996	
2025-05-13 00:58:00.000	     -4356935.553316	     14907758.413096	    -23190456.231040	        -2597.789770	         -501.526315	          169.275982	
2025-05-13 00:59:00.000	     -4512830.339502	     14877999.879684	    -23179534.540981	        -2598.666662	         -490.419942	          194.778290	
2025-05-13 00:59:60.000	     -4668771.165542	     14848908.622098	    -23167083.074842	        -2599.324383	         -479.284194	          220.268238	
