2024-01-02 03:59:60.000	     14522280.029623	    -12752643.712391	    -22437107.581511	          164.653295	         2241.613494	        -1166.916704	
2024-01-02 04:00:30.000	     14527301.247719	    -12685348.768842	    -22471960.029506	          170.096650	         2244.708843	        -1156.577171	
2024-01-02 04:00:60.000	     14532485.945594	    -12617961.626124	    -22506502.051305	          175.551907	         2247.760092	        -1146.221647	
2024-01-02 04:01:30.000	     14537834.477240	    -12550483.607760	    -22540733.169319	          181.018823	         2250.767162	        -1135.850275	
2024-01-02 04:01:60.000	     14543347.188209	    -12482916.040953	    -22574652.910248	          186.497155	         2253.729976	        -1125.463198	
2024-01-02 04:02:30.000	     14549024.416771	    -12415260.255215	    -22608260.805082	          191.986660	         2256.648456	        -1115.060559	
2024-01-02 04:02:60.000	     14554866.495033	    -12347517.580986	    -22641556.389116	          197.487094	         2259.522529	        -1104.642502	
2024-01-02 04:03:30.000	     14560873.747203	    -12279689.351591	    -22674539.201948	          202.998213	         2262.352122	        -1094.209169	
2024-01-02 04:03:60.000	     14567046.490156	    -12211776.902529	    -22707208.787492	          208.519773	         2265.137162	        -1083.760706	
2024-01-02 04:04:30.000	     14573385.033978	    -12143781.570762	    -22739564.693978	          214.051527	         2267.877580	        -1073.297256	
2024-01-02 04:04:60.000	     14579889.680280	    -12075704.696671	    -22771606.473966	          219.593231	         2270.573306	        -1062.818963	
2024-01-02 04:05:30.000	     14586560.723308	    -12007547.622683	    -22803333.684345	          225.144638	         2273.224273	        -1052.325972	
2024-01-02 04:05:60.000	     14593398.451042	    -11939311.691885	    -22834745.886343	          230.705504	         2275.830415	        -1041.818428	
2024-01-02 04:06:30.000	     14600403.143507	    -11870998.249984	    -22865842.645531	          236.275580	         2278.391669	        -1031.296475	
2024-01-02 04:06:60.000	     14607575.073869	    -11802608.643925	    -22896623.531832	          241.854619	         2280.907971	        -1020.760259	
2024-01-02 04:07:30.000	     14614914.506250	    -11734144.224530	    -22927088.119523	          247.442376	         2283.379259	        -1010.209925	
2024-01-02 04:08:00.000	     14622421.698979	    -11665606.342426	    -22957235.987244	          253.038602	         2285.805475	         -999.645618	
2024-01-02 04:08:30.000	     14630096.902937	    -11596996.350019	    -22987066.718003	          258.643048	         2288.186559	         -989.067484	
2024-01-02 04:08:60.000	     14637940.359961	    -11528315.603454	    -23016579.899181	          264.255467	         2290.522454	         -978.475670	
2024-01-02 04:09:30.000	     14645952.306560	    -11459565.457879	    -23045775.122538	          269.875610	         2292.813105	         -967.870320	
2024-01-02 04:09:60.000	     14654132.969666	    -11390747.272767	    -23074651.984218	          275.503228	         2295.058459	         -957.251582	
2024-01-02 04:10:30.000	     14662482.570320	    -11321862.407173	    -23103210.084758	          281.138072	         2297.258462	         -946.619601	
2024-01-02 04:11:00.000	     14671001.321551	    -11252912.222373	    -23131449.029089	          286.779892	         2299.413064	         -935.974525	
2024-01-02 04:11:30.000	     14679689.429410	    -11183898.080478	    -23159368.426543	          292.428438	         2301.522216	         -925.316500	
2024-01-02 04:11:60.000	     14688547.091420	    -11114821.346404	    -23186967.890861	          298.083460	         2303.585868	         -914.645673	
2024-01-02 04:12:30.000	     14697574.497604	    -11045683.386482	    -23214247.040194	          303.744709	         2305.603976	         -903.962192	
2024-01-02 04:12:60.000	     14706771.831495	    -10976485.567069	    -23241205.497112	          309.411933	         2307.576494	         -893.266203	
2024-01-02 04:13:30.000	     14716139.268587	    -10907229.256520	    -23267842.888606	          315.084881	         2309.503378	         -882.557854	
2024-01-02 04:14:00.000	     14725676.976846	    -10837915.824470	    -23294158.846096	          320.763302	         2311.384587	         -871.837294	
2024-01-02 04:14:30.000	     14735385.117686	    -10768546.640437	    -23320153.005435	          326.446945	         2313.220080	         -861.104668	
2024-01-02 04:14:60.000	     14745263.842010	    -10699123.079182	    -23345825.006914	          332.135559	         2315.009819	         -850.360127	
2024-01-02 04:15:30.000	     14755313.296147	    -10629646.512559	    -23371174.495266	          337.828891	         2316.753765	         -839.603817	
2024-01-02 04:15:60.000	     14765533.617875	    -10560118.314869	    -23396201.119673	          343.526689	         2318.451884	         -828.835888	
2024-01-02 04:16:30.000	     14775924.937409	    -10490539.861468	    -23420904.533769	          349.228703	         2320.104140	         -818.056488	
2024-01-02 04:16:60.000	     14786487.377874	    -10420912.528042	    -23445284.395647	          354.934678	         2321.710502	         -807.265765	
2024-01-02 04:17:30.000	     14797221.053383	    -10351237.693273	    -23469340.367860	          360.644362	         2323.270936	         -796.463868	
2024-01-02 04:17:60.000	     14808126.072385	    -10281516.734045	    -23493072.117429	          366.357504	         2324.785415	         -785.650946	
2024-01-02 04:18:30.000	     14819202.533845	    -10211751.030834	    -23516479.315847	          372.073849	         2326.253909	         -774.827149	
2024-01-02 04:18:60.000	     14830450.530561	    -10141941.962897	    -23539561.639084	          377.793145	         2327.676392	         -763.992625	
2024-01-02 04:19:30.000	     14841870.147724	    -10072090.910278	    -23562318.767589	          383.515139	         2329.052839	         -753.147524	
2024-01-02 04:19:60.000	     14853461.461542	    -10002199.255789	    -23584750.386295	          389.239578	         2330.383225	         -742.291996	
2024-01-02 04:20:30.000	     14865224.542012	     -9932268.380895	    -23606856.184628	          394.966207	         2331.667529	         -731.426190	
2024-01-02 04:20:60.000	     14877159.451516	     -9862299.667702	    -23628635.856505	          400.694774	         2332.905730	         -720.550257	
2024-01-02 04:21:30.000	     14889266.243468	     -9792294.500957	    -23650089.100341	          406.425026	         2334.097808	         -709.664346	
2024-01-02 04:21:60.000	     14901544.965479	     -9722254.263230	    -23671215.619055	          412.156707	         2335.243747	         -698.768607	
2024-01-02 04:22:30.000	     14913995.655754	     -9652180.340333	    -23692015.120072	          417.889564	         2336.343529	         -687.863190	
2024-01-02 04:22:60.000	     14926618.346222	     -9582074.116483	    -23712487.315325	          423.623344	         2337.397141	         -676.948247	
2024-01-02 04:23:30.000	     14939413.060750	     -9511936.976998	    -23732631.921264	          429.357793	         2338.404569	         -666.023927	
2024-01-02 04:24:00.000	     14952379.815581	     -9441770.307564	    -23752448.658856	          435.092655	         2339.365802	         -655.090382	
2024-01-02 04:24:30.000	     14965518.620197	     -9371575.492818	    -23771937.253591	          440.827679	         2340.280830	         -644.147761	
2024-01-02 04:24:60.000	     14978829.473875	     -9301353.921788	    -23791097.435484	          446.562608	         2341.149645	         -633.196217	
2024-01-02 04:25:30.000	     14992312.370854	     -9231106.979622	    -23809928.939081	          452.297190	         2341.972238	         -622.235900	
2024-01-02 04:25:60.000	     15005967.296888	     -9160836.053021	    -23828431.503461	          458.031170	         2342.748606	         -611.266960	
2024-01-02 04:26:30.000	     15019794.230102	     -9090542.528829	    -23846604.872239	          463.764293	         2343.478744	         -600.289551	
2024-01-02 04:27:00.000	     15033793.141407	     -9020227.793294	    -23864448.793573	          469.496306	         2344.162649	         -589.303822	
2024-01-02 04:27:30.000	     15047963.993259	     -8949893.234086	    -23881963.020163	          475.226954	         2344.800322	         -578.309926	
2024-01-02 04:27:60.000	     15062306.740499	     -8879540.238884	    -23899147.309257	          480.955984	         2345.391762	         -567.308014	
2024-01-02 04:28:30.000	     15076821.331162	     -8809170.193942	    -23916001.422656	          486.683140	         2345.936972	         -556.298238	
2024-01-02 04:28:60.000	     15091507.705247	     -8738784.486112	    -23932525.126713	          492.408170	         2346.435955	         -545.280749	
2024-01-02 04:29:30.000	     15106365.795527	     -8668384.501421	    -23948718.192339	          498.130818	         2346.888717	         -534.255701	
2024-01-02 04:30:00.000	     15121395.525955	     -8597971.627791	    -23964580.395007	          503.850831	         2347.295265	         -523.223244	
