2024-01-02 03:59:60.000	      3739512.583921	    -27951568.540295	     -8983973.752730	           11.538721	          904.646977	        -2807.437212	
2024-01-02 04:00:30.000	      3739901.375226	    -27924303.496931	     -9068134.518761	           14.386835	          913.019180	        -2803.274163	
2024-01-02 04:00:60.000	      3740376.156997	    -27896787.598535	     -9152169.811240	           17.271400	          921.370607	        -2799.072317	
2024-01-02 04:01:30.000	      3740938.022291	    -27869021.471767	     -9236078.467117	           20.192299	          929.701021	        -2794.831732	
2024-01-02 04:01:60.000	      3741588.058063	    -27841005.750666	     -9319859.325088	           23.149412	          938.010190	        -2790.552466	
2024-01-02 04:02:30.000	      3742327.347683	    -27812741.076289	     -9403511.225613	           26.142620	          946.297879	        -2786.234579	
2024-01-02 04:02:60.000	      3743156.973452	    -27784228.096346	     -9487033.010933	           29.171802	          954.563856	        -2781.878129	
2024-01-02 04:03:30.000	      3744078.012721	    -27755467.465689	     -9570423.525084	           32.236834	          962.807889	        -2777.483177	
2024-01-02 04:03:60.000	      3745091.539138	    -27726459.846123	     -9653681.613916	           35.337591	          971.029745	        -2773.049784	
2024-01-02 04:04:30.000	      3746198.623869	    -27697205.906211	     -9736806.125106	           38.473949	          979.229195	        -2768.578011	
2024-01-02 04:04:60.000	      3747400.331756	    -27667706.321764	     -9819795.908175	           41.645780	          987.406010	        -2764.067920	
2024-01-02 04:05:30.000	      3748697.723811	    -27637961.775477	     -9902649.814505	           44.852957	          995.559958	        -2759.519572	
2024-01-02 04:05:60.000	      3750091.859722	    -27607972.956564	     -9985366.697354	           48.095349	         1003.690814	        -2754.933031	
2024-01-02 04:06:30.000	      3751583.793998	    -27577740.561246	    -10067945.411872	           51.372826	         1011.798348	        -2750.308360	
2024-01-02 04:06:60.000	      3753174.578467	    -27547265.292387	    -10150384.815117	           54.685256	         1019.882334	        -2745.645623	
2024-01-02 04:07:30.000	      3754865.257178	    -27516547.860158	    -10232683.766069	           58.032505	         1027.942547	        -2740.944884	
2024-01-02 04:08:00.000	      3756656.873951	    -27485588.980979	    -10314841.125651	           61.414438	         1035.978760	        -2736.206209	
2024-01-02 04:08:30.000	      3758550.468535	    -27454389.378013	    -10396855.756739	           64.830919	         1043.990751	        -2731.429662	
2024-01-02 04:08:60.000	      3760547.072799	    -27422949.781657	    -10478726.524179	           68.281811	         1051.978294	        -2726.615310	
2024-01-02 04:09:30.000	      3762647.719506	    -27391270.928313	    -10560452.294808	           71.766975	         1059.941168	        -2721.763219	
2024-01-02 04:09:60.000	      3764853.432212	    -27359353.561739	    -10642031.937463	           75.286272	         1067.879151	        -2716.873456	
2024-01-02 04:10:30.000	      3767165.234021	    -27327198.431821	    -10723464.322998	           78.839559	         1075.792021	        -2711.946088	
2024-01-02 04:11:00.000	      3769584.142529	    -27294806.295235	    -10804748.324303	           82.426695	         1083.679559	        -2706.981185	
2024-01-02 04:11:30.000	      3772111.172284	    -27262177.915075	    -10885882.816318	           86.047535	         1091.541545	        -2701.978813	
2024-01-02 04:11:60.000	      3774747.331000	    -27229314.061351	    -10966866.676046	           89.701935	         1099.377761	        -2696.939044	
2024-01-02 04:12:30.000	      3777493.622025	    -27196215.510610	    -11047698.782574	           93.389748	         1107.187988	        -2691.861945	
2024-01-02 04:12:60.000	      3780351.046800	    -27162883.045569	    -11128378.017082	           97.110827	         1114.972012	        -2686.747587	
2024-01-02 04:13:30.000	      3783320.601068	    -27129317.455607	    -11208903.262864	          100.865023	         1122.729614	        -2681.596041	
2024-01-02 04:14:00.000	      3786403.276089	    -27095519.536564	    -11289273.405341	          104.652186	         1130.460582	        -2676.407378	
2024-01-02 04:14:30.000	      3789600.061085	    -27061490.090366	    -11369487.332077	          108.472164	         1138.164699	        -2671.181670	
2024-01-02 04:14:60.000	      3792911.933275	    -27027229.926390	    -11449543.932792	          112.324806	         1145.841755	        -2665.918988	
2024-01-02 04:15:30.000	      3796339.872733	    -26992739.859351	    -11529442.099383	          116.209956	         1153.491535	        -2660.619407	
2024-01-02 04:15:60.000	      3799884.852421	    -26958020.710662	    -11609180.725934	          120.127462	         1161.113830	        -2655.282998	
2024-01-02 04:16:30.000	      3803547.840630	    -26923073.308063	    -11688758.708735	          124.077165	         1168.708428	        -2649.909835	
2024-01-02 04:16:60.000	      3807329.802182	    -26887898.485416	    -11768174.946293	          128.058910	         1176.275120	        -2644.499994	
2024-01-02 04:17:30.000	      3811231.693459	    -26852497.083375	    -11847428.339353	          132.072536	         1183.813698	        -2639.053547	
2024-01-02 04:17:60.000	      3815254.471002	    -26816869.948135	    -11926517.790908	          136.117886	         1191.323954	        -2633.570572	
2024-01-02 04:18:30.000	      3819399.081608	    -26781017.932803	    -12005442.206218	          140.194796	         1198.805682	        -2628.051143	
2024-01-02 04:18:60.000	      3823666.470929	    -26744941.896143	    -12084200.492822	          144.303106	         1206.258675	        -2622.495337	
2024-01-02 04:19:30.000	      3828057.579718	    -26708642.703074	    -12162791.560557	          148.442652	         1213.682730	        -2616.903231	
2024-01-02 04:19:60.000	      3832573.340141	    -26672121.225164	    -12241214.321568	          152.613269	         1221.077643	        -2611.274902	
2024-01-02 04:20:30.000	      3837214.683083	    -26635378.339552	    -12319467.690329	          156.814793	         1228.443210	        -2605.610427	
2024-01-02 04:20:60.000	      3841982.534438	    -26598414.929439	    -12397550.583654	          161.047055	         1235.779231	        -2599.909885	
2024-01-02 04:21:30.000	      3846877.811412	    -26561231.884591	    -12475461.920712	          165.309888	         1243.085504	        -2594.173355	
2024-01-02 04:21:60.000	      3851901.431038	    -26523830.100075	    -12553200.623044	          169.603122	         1250.361831	        -2588.400917	
2024-01-02 04:22:30.000	      3857054.300376	    -26486210.477640	    -12630765.614577	          173.926588	         1257.608011	        -2582.592648	
2024-01-02 04:22:60.000	      3862337.325019	    -26448373.924446	    -12708155.821640	          178.280114	         1264.823849	        -2576.748632	
2024-01-02 04:23:30.000	      3867751.404177	    -26410321.353748	    -12785370.172977	          182.663527	         1272.009146	        -2570.868946	
2024-01-02 04:24:00.000	      3873297.431866	    -26372053.684681	    -12862407.599761	          187.076654	         1279.163708	        -2564.953675	
2024-01-02 04:24:30.000	      3878976.299290	    -26333571.841878	    -12939267.035614	          191.519320	         1286.287339	        -2559.002898	
2024-01-02 04:24:60.000	      3884788.885142	    -26294876.756859	    -13015947.416616	          195.991348	         1293.379847	        -2553.016698	
2024-01-02 04:25:30.000	      3890736.070067	    -26255969.365865	    -13092447.681323	          200.492562	         1300.441039	        -2546.995158	
2024-01-02 04:25:60.000	      3896818.726971	    -26216850.611251	    -13168766.770781	          205.022783	         1307.470724	        -2540.938361	
2024-01-02 04:26:30.000	      3903037.723389	    -26177521.441099	    -13244903.628541	          209.581833	         1314.468710	        -2534.846392	
2024-01-02 04:27:00.000	      3909393.922666	    -26137982.809003	    -13320857.200671	          214.169531	         1321.434810	        -2528.719333	
2024-01-02 04:27:30.000	      3915888.180317	    -26098235.674577	    -13396626.435776	          218.785695	         1328.368835	        -2522.557271	
2024-01-02 04:27:60.000	      3922521.346407	    -26058281.003063	    -13472210.285008	          223.430143	         1335.270597	        -2516.360289	
2024-01-02 04:28:30.000	      3929294.267895	    -26018119.764943	    -13547607.702081	          228.102691	         1342.139911	        -2510.128474	
2024-01-02 04:28:60.000	      3936207.785026	    -25977752.936438	    -13622817.643288	          232.803155	         1348.976592	        -2503.861912	
2024-01-02 04:29:30.000	      3943262.733674	    -25937181.499122	    -13697839.067514	          237.531349	         1355.780456	        -2497.560689	
2024-01-02 04:30:00.000	      3950459.940556	    -25896406.440603	    -13772670.936250	          242.287086	         1362.551321	        -2491.224893	
