2024-01-02 03:59:60.000	    -16493838.317589	     -9934309.829632	     22477208.823133	         -218.461327	        -2244.942191	        -1151.680754	
2024-01-02 04:00:30.000	    -16500464.745955	    -10001598.588229	     22442502.969574	         -223.297380	        -2240.968253	        -1162.040229	
2024-01-02 04:00:60.000	    -16507235.964230	    -10068767.507497	     22407486.572893	         -228.113950	        -2236.952923	        -1172.383605	
2024-01-02 04:01:30.000	    -16514151.384060	    -10135815.348267	     22372160.118219	         -232.910811	        -2232.896323	        -1182.710738	
2024-01-02 04:01:60.000	    -16521210.411288	    -10202740.873545	     22336524.094968	         -237.687740	        -2228.798577	        -1193.021486	
2024-01-02 04:02:30.000	    -16528412.445072	    -10269542.850063	     22300578.996841	         -242.444513	        -2224.659810	        -1203.315707	
2024-01-02 04:02:60.000	    -16535756.876957	    -10336220.049836	     22264325.321814	         -247.180909	        -2220.480148	        -1213.593256	
2024-01-02 04:03:30.000	    -16543243.092298	    -10402771.247929	     22227763.572132	         -251.896707	        -2216.259719	        -1223.853994	
2024-01-02 04:03:60.000	    -16550870.469814	    -10469195.223257	     22190894.254301	         -256.591684	        -2211.998652	        -1234.097776	
2024-01-02 04:04:30.000	    -16558638.381133	    -10535490.759379	     22153717.879083	         -261.265622	        -2207.697076	        -1244.324463	
2024-01-02 04:04:60.000	    -16566546.192254	    -10601656.642270	     22116234.961489	         -265.918302	        -2203.355125	        -1254.533912	
2024-01-02 04:05:30.000	    -16574593.262625	    -10667691.661867	     22078446.020769	         -270.549504	        -2198.972929	        -1264.725982	
2024-01-02 04:05:60.000	    -16582778.944177	    -10733594.613636	     22040351.580406	         -275.159011	        -2194.550625	        -1274.900531	
2024-01-02 04:06:30.000	    -16591102.582810	    -10799364.296329	     22001952.168112	         -279.746606	        -2190.088347	        -1285.057421	
2024-01-02 04:06:60.000	    -16599563.517429	    -10864999.513549	     21963248.315815	         -284.312074	        -2185.586232	        -1295.196509	
2024-01-02 04:07:30.000	    -16608161.081961	    -10930499.070736	     21924240.559655	         -288.855198	        -2181.044418	        -1305.317655	
2024-01-02 04:08:00.000	    -16616894.602397	    -10995861.779785	     21884929.439977	         -293.375765	        -2176.463046	        -1315.420720	
2024-01-02 04:08:30.000	    -16625763.398296	    -11061086.456788	     21845315.501321	         -297.873561	        -2171.842254	        -1325.505564	
2024-01-02 04:08:60.000	    -16634766.784337	    -11126171.919798	     21805399.292418	         -302.348372	        -2167.182187	        -1335.572047	
2024-01-02 04:09:30.000	    -16643904.066800	    -11191116.994197	     21765181.366179	         -306.799988	        -2162.482986	        -1345.620030	
2024-01-02 04:09:60.000	    -16653174.547656	    -11255920.506634	     21724662.279688	         -311.228196	        -2157.744798	        -1355.649375	
2024-01-02 04:10:30.000	    -16662577.521023	    -11320581.290407	     21683842.594196	         -315.632787	        -2152.967766	        -1365.659941	
2024-01-02 04:11:00.000	    -16672112.275230	    -11385098.182446	     21642722.875110	         -320.013551	        -2148.152040	        -1375.651591	
2024-01-02 04:11:30.000	    -16681778.091813	    -11449470.024876	     21601303.691991	         -324.370279	        -2143.297766	        -1385.624187	
2024-01-02 04:11:60.000	    -16691574.247106	    -11513695.662772	     21559585.618539	         -328.702764	        -2138.405095	        -1395.577591	
2024-01-02 04:12:30.000	    -16701500.011239	    -11577773.945711	     21517569.232589	         -333.010798	        -2133.474178	        -1405.511665	
2024-01-02 04:12:60.000	    -16711554.647089	    -11641703.729350	     21475255.116102	         -337.294177	        -2128.505167	        -1415.426271	
2024-01-02 04:13:30.000	    -16721737.411898	    -11705483.873165	     21432643.855158	         -341.552695	        -2123.498215	        -1425.321273	
2024-01-02 04:14:00.000	    -16732047.556767	    -11769113.241253	     21389736.039947	         -345.786147	        -2118.453478	        -1435.196533	
2024-01-02 04:14:30.000	    -16742484.325602	    -11832590.703907	     21346532.264760	         -349.994331	        -2113.371110	        -1445.051915	
2024-01-02 04:14:60.000	    -16753046.959471	    -11895915.131508	     21303033.127982	         -354.177044	        -2108.251269	        -1454.887283	
2024-01-02 04:15:30.000	    -16763734.690147	    -11959085.403775	     21259239.232083	         -358.334085	        -2103.094114	        -1464.702501	
2024-01-02 04:15:60.000	    -16774546.744448	    -12022100.403661	     21215151.183610	         -362.465252	        -2097.899803	        -1474.497433	
2024-01-02 04:16:30.000	    -16785482.343196	    -12084959.018926	     21170769.593179	         -366.570348	        -2092.668499	        -1484.271943	
2024-01-02 04:16:60.000	    -16796540.700680	    -12147660.142937	     21126095.075465	         -370.649172	        -2087.400362	        -1494.025896	
2024-01-02 04:17:30.000	    -16807721.026916	    -12210202.671634	     21081128.249194	         -374.701528	        -2082.095556	        -1503.759158	
2024-01-02 04:17:60.000	    -16819022.523771	    -12272585.508949	     21035869.737136	         -378.727218	        -2076.754246	        -1513.471593	
2024-01-02 04:18:30.000	    -16830444.389472	    -12334807.560680	     20990320.166094	         -382.726048	        -2071.376596	        -1523.163068	
2024-01-02 04:18:60.000	    -16841985.814698	    -12396867.739924	     20944480.166898	         -386.697821	        -2065.962774	        -1532.833448	
2024-01-02 04:19:30.000	    -16853645.984293	    -12458764.964799	     20898350.374394	         -390.642345	        -2060.512948	        -1542.482600	
2024-01-02 04:19:60.000	    -16865424.079010	    -12520498.156161	     20851931.427434	         -394.559426	        -2055.027286	        -1552.110390	
2024-01-02 04:20:30.000	    -16877319.272127	    -12582066.242274	     20805223.968872	         -398.448873	        -2049.505959	        -1561.716685	
2024-01-02 04:20:60.000	    -16889330.731168	    -12643468.156531	     20758228.645549	         -402.310494	        -2043.949139	        -1571.301352	
2024-01-02 04:21:30.000	    -16901457.619684	    -12704702.835159	     20710946.108290	         -406.144101	        -2038.356998	        -1580.864259	
2024-01-02 04:21:60.000	    -16913699.093229	    -12765769.222681	     20663377.011889	         -409.949504	        -2032.729709	        -1590.405273	
2024-01-02 04:22:30.000	    -16926054.304038	    -12826666.265747	     20615522.015106	         -413.726515	        -2027.067448	        -1599.924263	
2024-01-02 04:22:60.000	    -16938522.396976	    -12887392.918595	     20567381.780652	         -417.474948	        -2021.370390	        -1609.421096	
2024-01-02 04:23:30.000	    -16951102.511902	    -12947948.139988	     20518956.975184	         -421.194617	        -2015.638713	        -1618.895642	
2024-01-02 04:24:00.000	    -16963793.783121	    -13008330.894017	     20470248.269294	         -424.885337	        -2009.872595	        -1628.347770	
2024-01-02 04:24:30.000	    -16976595.338213	    -13068540.151696	     20421256.337500	         -428.546924	        -2004.072216	        -1637.777348	
2024-01-02 04:24:60.000	    -16989506.302852	    -13128574.884767	     20371981.858236	         -432.179196	        -1998.237755	        -1647.184246	
2024-01-02 04:25:30.000	    -17002525.793670	    -13188434.075071	     20322425.513845	         -435.781972	        -1992.369395	        -1656.568335	
2024-01-02 04:25:60.000	    -17015652.923055	    -13248116.708359	     20272587.990565	         -439.355071	        -1986.467318	        -1665.929484	
2024-01-02 04:26:30.000	    -17028886.798002	    -13307621.775876	     20222469.978524	         -442.898313	        -1980.531707	        -1675.267564	
2024-01-02 04:27:00.000	    -17042226.519526	    -13366948.275181	     20172072.171728	         -446.411520	        -1974.562749	        -1684.582447	
2024-01-02 04:27:30.000	    -17055671.184526	    -13426095.207834	     20121395.268052	         -449.894516	        -1968.560628	        -1693.874002	
2024-01-02 04:27:60.000	    -17069219.884611	    -13485061.580985	     20070439.969230	         -453.347123	        -1962.525531	        -1703.142102	
2024-01-02 04:28:30.000	    -17082871.704894	    -13543846.408973	     20019206.980847	         -456.769166	        -1956.457648	        -1712.386618	
2024-01-02 04:28:60.000	    -17096625.725861	    -13602448.711020	     19967697.012325	         -460.160473	        -1950.357167	        -1721.607424	
2024-01-02 04:29:30.000	    -17110481.022172	    -13660867.512816	     19915910.776917	         -463.520869	        -1944.224277	        -1730.804390	
2024-01-02 04:30:00.000	    -17124436.665192	    -13719101.843425	     19863848.991698	         -466.850183	        -1938.059171	        -1739.977390	
